"page #",x,y,text
1,196.1563995,303.59919903301,"臺灣省基隆市議會第 18 屆議員選舉【第五、八選舉區】選舉公報"
1,2402.7391995,388.17379954221,基隆市選舉委員會　編印
1,190.4872005,468.87600005099,"臺灣省基隆市議會第 18 屆議員選舉，經定於中華民國 103 年 11 月 29 日（星期六）上午 8 時起至下午 4 時止舉行投票。茲依公職人員選舉罷"
1,190.4872005,526.86000005729,"免法第 47 條規定，將候選人所填之政見及個人資料刊登如下，候選人個人資料係依據候選人所填列資料刊登，如有不實，由候選人自行負責。"
1,196.1563995,592.40280006442,選舉
1,196.1563995,638.38680006942,區別
1,283.3471995,615.76279956696,"號次 相　　片 姓　　　名"
1,815.5362,592.77780006446,出生年
1,828.3361995,638.76180006946,月日
1,904.1407995,615.77779956696,"性別 出生地"
1,1103.5648005,592.76979906446,推薦之
1,1119.5647995,638.75379906946,政黨
1,1266.1567995,615.74580006696,"學　　歷 經　　歷 政　　　　　　　　見"
1,211.8922005,1217.5615996324,
1,290.8828005,851.10879909255,1
1,646.0386,833.44179909063,陳志成
1,837.0262005,740.43399908052,39
1,845.4862005,812.43399908835,8
1,837.0262005,884.43399909618,25
1,985.173,806.81400008774,臺灣省
1,985.173,846.82200009209,基隆市
1,1091.565,826.83000008991,民主進步黨
1,1236.6133995,799.62159908695,安樂國小
1,1236.6133995,825.62160008978,基隆一中
1,1236.6133995,851.62159959261,東吳大學法律系畢業
1,1435.0333995,720.62160007836,"基隆市第 12.13.14.15.17 屆議"
1,1435.0333995,741.62160008065,員
1,1435.0333995,762.62160008293,"民進黨第 2 屆第9屆全國黨"
1,1435.0333995,783.62160008521,代表
1,1435.0333995,804.6216000875,基隆市體育會理事
1,1435.0333995,825.62160008978,海洋保育協會監事
1,1435.0333995,846.62160009206,生命線顧問
1,1435.0333995,867.62160009435,慈濟功德會會員
1,1435.0333995,888.62160009663,海興、安嘉、南山、情人湖、
1,1435.0333995,909.62160009892,永春、呂仙祖功德會、
1,1435.0333995,930.6216001012,祥和慈善功德會等社團
1,1690.1568,699.01999957601,這一屆。「我們」責無旁貸，當仁不讓
1,1690.1568,720.0259995783,過去，對市民的承諾，「我們」努力去做；
1,1690.1568,741.03199958058,未來四年，「我們」責無旁貸，當仁不讓。
1,1690.1568,762.03799958287,"1. 主張非核家園，堅持核四不運轉。"
1,1690.1568,783.04399958515,"2. 推動 65 歲老人免費裝假牙，照顧我們的長輩。"
1,1690.1568,804.04999958743,"3. 要求營養午餐補助費用增加，照顧我們的孩子。"
1,1690.1568,825.05599958972,"4. 強力監督市區道路要平要整，照顧我們的行人。"
1,1690.1568,846.061999592,"5. 杜絕市府不必要的預算浪費，看緊我們的荷包。"
1,1690.1568,867.06799959429,"6. 督促捷運儘速延伸至基隆市，提昇我們的生活。"
1,1690.1568,888.07399959657,"7. 青年築巢，托兒育幼社區化。"
1,1690.1568,909.07999959886,"8. 便捷交通，建構環狀公車路線。"
1,1690.1568,930.08599960114,"9. 夜間女性公車，平安到家。"
1,1690.1568,951.09199960342,"10. 創造便捷的無線網路城市。"
1,290.8828005,1164.6289996266,2
1,646.0386,1146.9619996247,袁孔琪
1,837.0262005,1053.9541996146,50
1,845.4862005,1125.9541996224,5
1,845.4862005,1197.9541996303,4
1,985.173,1140.349999624,"臺北市 人民民主陣線"
1,1236.6133995,1139.1415996239,文化大學新聞系
1,1435.0333995,1044.6415996136,自立早報國際組編譯
1,1435.0333995,1065.6415996159,自立晚報記者
1,1435.0333995,1086.6415996182,自立報系工會常務理事
1,1435.0333995,1107.6415996204,"2000 春鬥「工人賭總統」遊"
1,1435.0333995,1128.6415996227,行總幹事
1,1435.0333995,1149.641599625,台北市停車管理處工會總幹
1,1435.0333995,1170.6415996273,事
1,1435.0333995,1191.6415996296,台北市產業總工會總幹事
1,1435.0333995,1212.6415996319,人民民主陣線鏟土豪行動研
1,1435.0333995,1233.6415996342,究員
1,1690.1568,1054.5399991147,台灣藍綠惡鬥，國政空轉，金權政治聯手掏空人民資產。面對台灣長期以來的代議政治失靈、貧富差距擴大、土地壟斷、圖利建商等沉苛，我認為各階層人民必須自己站
1,1690.1568,1075.545999117,出來，面對政治，拿回權力，我想推動市民民主對話參與，從鄰里每個人最關心、最切身的利益開始，鼓勵人人參選、奪權重生！
1,1690.1568,1096.5519991192,"我主張 :"
1,1690.1568,1117.5579991215,"一、選制改革 : 降低參選門檻，使人人都可參選。"
1,1690.1568,1138.5639991238,二、各級民意代表辦公事務費用透明化，支用由人民討論共決。
1,1690.1568,1159.5699991261,"三、全市預算如何使用，市民共同討論，並共同決定 !"
1,1690.1568,1180.5759991284,四、發動市民集體行動，向中央追討積欠基隆的港工捐。
1,1690.1568,1201.5819991307,"五、城市發展，市民共決 !"
1,1690.1568,1222.5879991329,六、保留古蹟，發展港都勞動文化。
1,290.8828005,1478.1489991607,3
1,669.039,1460.4819991588,秦鉦
1,837.0262005,1367.4741991487,42
1,845.4862005,1439.4741991565,8
1,837.0262005,1511.4741991644,12
1,985.173,1433.8539991559,臺灣省
1,985.173,1473.8619991603,基隆市
1,1091.565,1453.8699991581,中國國民黨
1,1236.6133995,1439.6616001566,經國管理學院附設進
1,1236.6133995,1465.6615996594,修學院工學學士畢
1,1435.0333995,1379.16159915,中華民國槌球協會副理事長
1,1435.0333995,1400.1615991523,台灣省槌球協會會長
1,1435.0333995,1421.1615991545,"基 隆 市 議 會 第 15、16、17"
1,1435.0333995,1442.1615991568,屆議員
1,1435.0333995,1463.1615991591,基隆市議會教育小組召集人
1,1435.0333995,1484.1615991614,基隆市安樂區鶯歌里三屆
1,1435.0333995,1505.1615991637,(任)里長
1,1435.0333995,1526.161599166,基隆市山東同鄉會理事長
1,1690.1568,1347.0600001465,1、改善長庚醫院週邊交通瓶頸，拆遷安樂派出所，開闢樂利一街道路通行。
1,1690.1568,1368.0660001488,"2、主張基隆火車站都更交通站體應思考三體 ( 火車、客運、公車 ) 共構使用。"
1,1690.1568,1389.0720001511,"3、續推利用原鐵路用地興建延伸基隆，R 接駁車大武崙延伸七堵，增設 ( 鶯歌里 ) 八德路口站。"
1,1690.1568,1410.0780001533,"4、落實婦幼福利政策，生育津貼 2 萬元，各區普設 0 至 2 歲托育中心及 3 至 5 歲幼兒園學區制。"
1,1690.1568,1431.0840001556,"5、推動長青福利政策，六十五歲假牙補助 4 萬元，仁愛愛之家轉型養生福利園區，普設老人區域日照中心及供餐服務。"
1,1690.1568,1452.0900001579,6、檢討面對少子化，十二年國教教育資源分配與重整。
1,1690.1568,1473.0960001602,7、基隆再揚帆、拒絕基隆邊緣化，北北基共同生活圈，主張雙北城市區域規劃。
1,1690.1568,1494.1020001625,8、提議淡水河為界東岸為台北市，西岸為新北市，新店溪以南劃為新北市，以北劃為台北市，基隆即可劃併於台北市，此雙北城市區域劃分界線即為明確。
1,1690.1568,1515.1080001648,9、制定簡易自主都更獎勵條例，續推國宅都更建設。
1,1690.1568,1536.114000167,10、推動基層建設應創造社區特色營造，永續維護價值。
1,1690.1568,1557.1200001693,11、督促山坡地排水量監控及區域高地供水的設置計劃。
1,290.8828005,1791.6690001948,4
1,646.0386,1774.0020001929,洪森永
1,837.0262005,1680.9942001828,54
1,837.0262005,1752.9942001906,11
1,845.4862005,1824.9942001985,8
1,985.173,1747.37400019,臺灣省
1,985.173,1787.3820001944,基隆市
1,1091.565,1767.3900001922,民主進步黨
1,1236.6133995,1714.1815996864,經國管理暨健康學院
1,1236.6133995,1740.1815991892,副學士
1,1236.6133995,1766.1816001921,基隆海事
1,1236.6133995,1792.1815996949,明德國中
1,1236.6133995,1818.1815991977,暖江國小
1,1435.0333995,1671.6816001818,基隆市議員
1,1435.0333995,1692.6816001841,基隆市議會民進黨黨團召集人
1,1435.0333995,1713.6816001864,基隆市議會財政小組副召集人
1,1435.0333995,1734.6816001886,民進黨全國黨代表
1,1435.0333995,1755.6816001909,"內寮里 17、18 屆里長"
1,1435.0333995,1776.6816001932,基隆市義消第一大隊、安樂
1,1435.0333995,1797.6816001955,分駐所民防、大武崙派出所
1,1435.0333995,1818.6816001978,民防等顧問，
1,1435.0333995,1839.6816002001,慈濟、佛光山、抛磚愛心社
1,1435.0333995,1860.6816002023,等會員
1,1690.1568,1660.5799996806,這一屆。我們責無旁貸，當仁不讓。過去，對市民的承諾，我們努力去做；未來四年，我們責無旁貸，當仁不讓。
1,1690.1568,1681.5859996829,一、主張非核家園，堅持核四不運轉。
1,1690.1568,1702.5919996851,"二、推動 65 歲老人免費裝假牙，照顧我們的長輩。"
1,1690.1568,1723.5979996874,三、要求營養午餐補助費用增加，照顧我們的孩子。
1,1690.1568,1744.6039996897,四、強力監督市區道路要平要整，照顧我們的行人。
1,1690.1568,1765.609999692,五、杜絕市府不必要的預算，看緊我們的荷包。
1,1690.1568,1786.6159996943,六、督促捷運儘速延伸至基隆市，提昇我們的生活。
1,1690.1568,1807.6219996966,七、青年築巢，托兒育幼社區化。
1,1690.1568,1828.6279996989,八、便捷交通，建構環狀公車路線。
1,1690.1568,1849.6339997011,九、夜間女性公車，平安到家。
1,1690.1568,1870.6399997034,十、創造便捷的無線網路城市。
1,290.8828005,2105.1889997289,5
1,646.0386,2087.521999727,莊錦田
1,837.0262005,1994.5141997169,42
1,845.4862005,2066.5141997247,5
1,837.0262005,2138.5141997325,13
1,985.173,2080.9099997263,"新北市 親民黨"
1,1236.6133995,2066.7015992247,經國管理學院副學士
1,1236.6133995,2092.7016002276,學位
1,1435.0333995,1935.3015992105,基隆市議會十五、十六、
1,1435.0333995,1955.9016002127,十七屆議員暨建設民政召集人
1,1435.0333995,1976.901600215,義消鳯鳯獎
1,1435.0333995,1997.5015997172,全國體育有功人員
1,1435.0333995,2018.1015992195,義消三大隊大隊長
1,1435.0333995,2038.7016002217,義警四中隊副中隊長
1,1435.0333995,2059.3015997239,救難理事
1,1435.0333995,2079.9015992262,桌委主委
1,1435.0333995,2100.5016002284,觀護、宜蘭同鄉會常務
1,1435.0333995,2121.1015997307,雙溪會理事長
1,1435.0333995,2141.7015992329,獅子會會長
1,1435.0333995,2162.3016002351,身障弱勢、形象商圈、警友
1,1435.0333995,2182.9015997374,會、駱駝志旅館、中藥、裝
1,1435.0333995,2203.5015992396,潢、油漆工會、抛磚愛心顧
1,1435.0333995,2224.1016002419,問。
1,1690.1568,1953.1005992124,親民黨共同政見
1,1690.1568,1974.1065992147,一、抛開藍綠，專注三中民生。
1,1690.1568,1995.112599217,二、中央地方，權責應當相符。
1,1690.1568,2016.1185992192,三、打貪滅腐，建立廉能政府。
1,1690.1568,2037.1245992215,四、簡易都更，改建老舊房舍。
1,1690.1568,2058.1305992238,五、公地鬆綁，促進都市發展。
1,1690.1568,2079.1365992261,六、青年住宅，創業住商合一。
1,1690.1568,2100.1425992284,七、防止炒作，穩定民生物價。
1,1690.1568,2121.1485992307,八、風光互補，創造綠能都市。
1,1690.1568,2142.1545992329,九、幼教托育，政府助養幼童。
1,1690.1568,2163.1605992352,十、安養長照，充份扶助老弱。
1,1690.1568,2184.1665992375,十一、網路政府，透明監督便民。
1,1690.1568,2205.1725992398,十二、協助弱勢，放寬社福條件。
1,290.8828005,2418.709399763,6
1,646.0386,2401.0423997611,沈義傳
1,837.0262005,2308.034599751,38
1,845.4862005,2380.0345997588,4
1,845.4862005,2452.0345997666,8
1,985.173,2374.4145992582,臺灣省
1,985.173,2414.4225992626,基隆市
1,1091.565,2394.4305992604,中國國民黨
1,1236.6133995,2393.2221992602,初中
1,1435.0333995,2298.72219925,里長
1,1435.0333995,2319.7221992523,社區發展協會理事長
1,1435.0333995,2340.7221992545,救國團安樂區團委會會長
1,1435.0333995,2361.7221992568,義消安樂中隊中隊長
1,1435.0333995,2382.7221992591,安樂區體育會理事長
1,1435.0333995,2403.7221992614,安樂區民眾服務社理事長
1,1435.0333995,2424.7221992637,基隆市議會中國國民黨黨團
1,1435.0333995,2445.722199266,書記長
1,1435.0333995,2466.7221992682,基隆市義消總隊副總隊長
1,1435.0333995,2487.7221992705,"第 14.15.16.17 屆議員"
1,1690.1568,2277.1206002476,"一 .督促市府強化照顧社會弱勢相關法案效能之提昇，達到實質照顧弱勢之目的“包括兒童、婦女、老人、原住民、外籍配偶、身心障礙、低收入戶、家庭變故、失業救助”"
1,1722.1609995,2298.1266002499,等等。
1,1690.1568,2319.1326002522,"二 .督促市府制訂教育白皮書，檢討 12 年國教入學方案，解決代課教師問題，中輟生之輔導、學童營養午餐、校園霸凌事件及安全維護、老舊校舍改善、教學方案之精進。"
1,1690.1568,2340.1386002545,"三 .督促市府徹底解決國家新城與大武崙地區往反台北上下班交通問題，基金公路堵車及道路改善與交通疏導問題，增加低底盤公車，推動民間復康計程車補助。"
1,1690.1568,2361.1446002568,"四 .督促市府做好山坡地開發及管理工作，如有效處理湖海路山崩、老舊社區擋土牆監控，坡地開發案水保之落實，檢討集水區排水設施及河川清疏工作。"
1,1690.1568,2382.150600259,"五 .督促市府積極推動都市更新、獎勵老舊社區都市更新及小基地簡易都更、簡化都更程序及放寬條件、增加獎勵誘因以加速推動。"
1,1690.1568,2403.1566002613,"六 .爭取於市立棒球場附近小巨蛋預定地，先朝規劃為運動公園，再逐步進化為室內運動場。"
1,1690.1568,2424.1626002636,"七 .督促市府解決高地給水問題 : 如壯觀台北社區、武嶺街及許多高地社區民生用水之解決。"
1,1690.1568,2445.1686002659,"八 .督促市府落實建構健康城市管理目標，要營造高規格之健康城市，強化各項醫療資源，整合各項公共建設及公共設施 ( 量的提昇與質的提高 )。社會福利之普及化與最"
1,1722.1609995,2466.1746002682,"佳化，有效處理三高 ( 高失業、高自殺、高離婚率 ) 等問題。"
1,1690.1568,2487.1806002705,"九 .督促市府有效推展觀光工作 : 如爭取情人湖納入北觀後，本區居民"
1,2239.8589995,2486.7666002704,入
1,2257.8589995,2487.1806002705,園之優惠措施。
1,1690.1568,2508.1866002727,"十 .督促市府擴大工業用地，爭取籌設經濟示範區以增加就業機會。"
1,290.8828005,2732.2293992971,7
1,634.194,2714.5626002952,鄭林清良
1,837.0262005,2621.5545992851,37
1,845.4862005,2693.5545992929,5
1,845.4862005,2765.5545993007,2
1,985.173,2687.9346002923,福建省
1,985.173,2727.9426002966,林森市
1,1091.565,2707.9506002945,中國國民黨
1,1236.6133995,2641.7421992873,西定國小
1,1236.6133995,2667.7422002901,基隆商職
1,1236.6133995,2693.7421997929,國立台北商業技術學
1,1236.6133995,2719.7421992958,院副學士
1,1236.6133995,2745.7422002986,經國管理暨健康學院
1,1236.6133995,2771.7421998014,副學士、學士
1,1435.0333995,2570.2422002795,"基 隆 市 議 員 ( 第 11、12、"
1,1435.0333995,2591.2422002818,"13、14、15、16、17 屆 )"
1,1435.0333995,2612.2422002841,市議會中國國民黨黨團書記長
1,1435.0333995,2633.2422002863,新移民女性關懷協會理事長
1,1435.0333995,2654.2422002886,婦女會總會理事
1,1435.0333995,2675.2422002909,褓姆工會理事長
1,1435.0333995,2696.2422002932,圍棋協會理事長
1,1435.0333995,2717.2422002955,元極舞協會會長
1,1435.0333995,2738.2422002978,社區大學監事
1,1435.0333995,2759.2422003,福州、浙江同鄉會常務理事
1,1435.0333995,2780.2422003023,守望相助隊安樂中隊中隊長
1,1435.0333995,2801.2422003046,長樂國小家長會榮譽會長
1,1435.0333995,2822.2422003069,榮民志工顧問
1,1435.0333995,2843.2422003092,教師
1,1690.1568,2564.0497997788,"1. 極力催促市府向中央爭取捷運延伸至基隆及建構本市完整環狀交通網。"
1,1690.1568,2585.0557997811,"2. 督促市府積極向中央爭取「基隆港自由經濟示範區」，並採取「前店後廠」計劃，"
1,1716.1489995,2606.0617997834,創造就業機會，促進經濟。
1,1690.1568,2627.0677997857,"3. 督促市府積極爭取本市成為台灣「自由經濟特別市」。"
1,1690.1568,2648.073799788,"4. 督促市府促成火車站前暨西二、西三碼頭環港商圈都更，以及重要街道景觀改造，"
1,1716.1489995,2669.0797997902,讓基隆成為國際港灣城市。
1,1690.1568,2690.0857997925,"5. 促成工業區轉型以利產業發展、振興經濟、就業機會。"
1,1690.1568,2711.0917997948,"6. 爭取公、私有土地、高架橋下等閒置空地設置停車場。"
1,1690.1568,2732.0977997971,"7. 督促市府基金公路外環道路改善及果菜市場基金一路麥金路口交通改善。"
1,1690.1568,2753.1037997994,"8. 爭取情人湖及湖海灣、湖海路廊帶儘速納入北觀，有效推展休閒觀光。"
1,1690.1568,2774.1097998017,"9. 爭取民防、義警、義消、義交、守望相助隊應勤裝備及服勤保險津貼。"
1,1690.1568,2795.1157998039,10.爭取增建體育運動中心及運動公園以利休閒。
1,1690.1568,2816.1217998062,11.督促市府解決高地住戶用水問題，協助公寓大廈社區需求並對山坡地社區確實做
1,1716.1489995,2837.1277998085,好擋土牆監測。
1,2374.3009995,2564.1217997788,12.堅持為弱勢族群代言人。爭取婦女權益、關懷長者、照顧幼兒、協助單親家庭、
1,2400.2929995,2585.1277997811,中低收入戶生活及身心障礙團體各項權益及福利。
1,2374.3009995,2606.1337997834,13.關懷照顧新住民生活及子女教育並協助法律咨詢等。
1,2374.3009995,2627.1397997857,"14.督促市府制定教育白皮書，檢討 12 年國教方案。紓解教師問題。中輟生之輔導、"
1,2400.2929995,2648.145799788,注重營養午餐、霸淩事件、充實教學設備，老舊校舍改善等。
1,2374.3009995,2669.1517997903,"15.督促市府編列經費裝置自動體外心臟去顫器 (AED)，以充份維護學童在校之安全。"
1,2374.3009995,2690.1577997925,"16.編列經費國中女生免費施打 HPV 子宮頸癌疫苗，以保護婦女健康。"
1,2374.3009995,2711.1637997948,"17.整合教育資源 ( 社區大學、原民大學、文化局 ) 推動全民終身學習。"
1,2374.3009995,2732.1697997971,18.充實社區保姆系統量能，增加居家保姆服務需求。
1,290.8828005,3045.7494003312,8
1,646.0386,3028.0825998293,蔡適應
1,837.0262005,2935.0747998192,62
1,845.4862005,3007.074799827,6
1,837.0262005,3079.0747998348,14
1,985.173,3021.4705998286,"臺北市 民主進步黨"
1,1236.6133995,2994.2622003256,淡江大學國際事務與
1,1236.6133995,3020.2621998284,戰略研究所碩士
1,1236.6133995,3046.2621993313,東海大學政治系學士
1,1435.0333995,2904.7621998159,"基隆市第 16，17 屆市議員"
1,1435.0333995,2925.7621998182,民進黨基隆市黨部主任委員
1,1435.0333995,2946.7621998204,臺北大學都市計劃研究所博
1,1435.0333995,2967.7621998227,士候選人
1,1435.0333995,2988.762199825,比利時魯汶大學歐洲空間發
1,1435.0333995,3009.7621998273,"展規劃 (ESDP) 訪問學人"
1,1435.0333995,3030.7621998296,經國管理暨健康學院講師
1,1435.0333995,3051.7621998319,基隆市觀光協會理事長
1,1435.0333995,3072.7621998341,基隆市柔術委員會主任委員
1,1435.0333995,3093.7621998364,及民間社會團體幹部顧問
1,1435.0333995,3114.7621998387,家扶中心助養人
1,1435.0333995,3135.762199841,陸軍指職軍官班第一期
1,1690.1568,2877.5697993129,深耕基隆。看見未來
1,1690.1568,2898.5757993152,"- 瞭解基隆市民心需求，打造五彩繽紛新未來 -"
1,1690.1568,2919.5817993175,提昇老幼福利，為壯年市民找出路
1,1690.1568,2940.5877993198,推動基隆市成為『食、衣、住、行、育、樂』幸福的城市
1,1690.1568,2961.5937993221,"食 : 吃的安心，要求市府加強食安稽查，『黑心食品』杜絕化"
1,1690.1568,2982.5997993243,"衣 : 買的快樂，持續打造友善購物環境，『生活購物』便利化"
1,1690.1568,3003.6057993266,"住 : 住的滿意，推動房價透明反對炒作，『房屋價格』平民化"
1,1690.1568,3024.6117993289,"行 : 行的方便，推動交通公共運輸網路，『路平專案』有感化"
1,1690.1568,3045.6177993312,"育 : 品質提昇，提高學童營養午餐補助，『文教活動』普及化"
1,1690.1568,3066.6237993335,"樂 : 快樂環境，推動基隆在地特色觀光，『旅遊景點』優質化"
1,1690.1568,3087.6297993358,《適應的努力讓你看的見》
1,1690.1568,3108.635799338,"兩屆議員，秉持創造效益，並為市民看緊荷包。部分成果如下 :"
1,1690.1568,3129.6417993403,"&gt; 嚴格監督市府預算執行"
1,1690.1568,3150.6477993426,基隆市舉債即將突破百億元，反對不必要預算浪費，債留子孫
1,2374.3009995,2877.5697993129,"提案推動基隆市 1999 電話服務免費熱線，已開始執行"
1,2374.3009995,2898.5757993152,"&gt; 推動基隆大眾運輸便捷"
1,2374.3009995,2919.5817993175,推動基北客運路權再開放，已增加首都及基隆客運等直達路線
1,2374.3009995,2940.5877993198,提案推動基隆大眾運輸系統納入悠遊卡範圍，已開始執行
1,2374.3009995,2961.5937993221,"&gt; 關注基隆老弱勢族群權益"
1,2374.3009995,2982.5997993243,提案修改自治條列保障老人免費健保補助，已開始執行
1,2374.3009995,3003.6057993266,"總質詢要求開辦老人免費裝假牙，已決定 104 年起執行"
1,2374.3009995,3024.6117993289,"&gt; 爭取文化觀光教育資源"
1,2374.3009995,3045.6177993312,"關注學童營養午餐補助費用，已逐步提昇至每餐 32 元以上"
1,2374.3009995,3066.6237993335,"爭取情人湖、外木山納入國家風景區，已決定 104 年起升格"
1,2374.3009995,3087.6297993358,"最新消息 http:// 蔡適應 .tw/ 或 fb"
1,290.8828005,3359.2695993653,9
1,646.0386,3341.6028003634,俞叁發
1,837.0262005,3248.5950003533,54
1,845.4862005,3320.5950003611,3
1,845.4862005,3392.5950003689,4
1,985.173,3314.9748003605,臺灣省
1,985.173,3354.9828003648,基隆市
1,1091.565,3334.9908003627,中國國民黨
1,1236.6133995,3294.7824003583,基隆市安樂國小畢業
1,1236.6133995,3320.7823998611,安樂國中畢業
1,1236.6133995,3346.7823993639,基隆市輔大聖心高級
1,1236.6133995,3372.7824003668,中學畢業
1,1435.0333995,3218.28240035,基隆市第十六屆市議員
1,1435.0333995,3239.2824003522,"基隆市第 16-17 屆里長"
1,1435.0333995,3260.2824003545,國際獅子會專區主席
1,1435.0333995,3281.2824003568,基隆市跆拳委員會主任委員
1,1435.0333995,3302.2824003591,基隆市安樂青工會長
1,1435.0333995,3323.2824003614,雞籠山青商會會長
1,1435.0333995,3344.2824003637,基隆市快樂厝邊服務協會理
1,1435.0333995,3365.282400366,事長
1,1435.0333995,3386.2824003682,基隆市中山義消二分隊顧問
1,1435.0333995,3407.2824003705,大武崙工業區協進會理事、
1,1435.0333995,3428.2824003728,監事
1,1435.0333995,3449.2824003751,安樂國中、小長會長
1,1690.1568,3259.6809993545,"1. 專職監督市政，為基隆創造更多新機，為市府財政與建設監督執行"
1,1690.1568,3280.6869993568,"2. 設立為民服務處，提供市民便利服務，專職執行議員職責"
1,1690.1568,3301.692999359,"3. 庚續推展外木山沿線、情人湖景區串聯成為優質觀光風景區"
1,1690.1568,3322.6989993613,"4. 為通勤族請命，推動車站共構運輸建設，未有成果之前反對拆除國光總站"
1,1690.1568,3343.7049993636,"5. 爭取擴大建設立體停車塔，解決市民停車之苦"
1,1690.1568,3364.7109993659,"6. 監督市長承諾競選政見之實現"
1,1690.1568,3385.7169993682,"7. 庚續推動市民福利政策，與督促市府整合舉辦大型活動行銷基隆"
1,1690.1568,3406.7229993705,"8. 推動海洋城市，妥善規劃國際觀光港與旅遊觀光"
1,290.8828005,3672.7899993994,1
1,646.0386,3655.1229993975,陳明建
1,837.0262005,3562.1151993874,51
1,845.4862005,3634.1151993952,3
1,837.0262005,3706.115199403,12
1,985.173,3628.4952003946,臺灣省
1,985.173,3668.5032003989,臺東縣
1,1139.5656,3648.5112003967,無
1,1236.6133995,3595.302799891,台東縣立三仙國小、
1,1236.6133995,3621.3027993938,新港國中。
1,1236.6133995,3647.3028003966,國立台東專科學校
1,1236.6133995,3673.3027998994,國立台灣大學法律系
1,1236.6133995,3699.3027994023,畢。
1,1435.0333995,3552.8028003863,基隆市議員。
1,1435.0333995,3573.8028003886,基隆市政府原住民事務委員
1,1435.0333995,3594.8028003909,會副主委、主委
1,1435.0333995,3615.8028003932,基隆市原住民部落大學人權
1,1435.0333995,3636.8028003955,教育講師、編審委員
1,1435.0333995,3657.8028003978,基隆市原住民保留地土地權
1,1435.0333995,3678.8028004,利審查委員
1,1435.0333995,3699.8028004023,台灣原住民職業駕駛權益促
1,1435.0333995,3720.8028004046,進會理事長。
1,1435.0333995,3741.8028004069,勞動法研究
1,1690.1568,3511.4509998818,"聽 -「原」聲「原」音；不分族群、不分地域；為原民、為基隆 : 明建要努力爭取、實現"
1,1690.1568,3532.4569998841,一、增編原住民經費。
1,1690.1568,3553.4629998864,二、建立原住民勞工生活、安全保護窗口。
1,1690.1568,3574.4689998887,三、培植體育人才、補助體育活動，增加國內外比賽機會
1,1690.1568,3595.474999891,四、青年事務聯盟組織之成立。
1,1690.1568,3616.4809998933,五、結合地區設立老人關懷、送餐服務站。
1,1690.1568,3637.4869998956,六、爭取原住民專技人才取證補助。
1,1690.1568,3658.4929998978,七、地方聚會所之爭取。
1,1690.1568,3679.4989999001,八、活化，自治原住民會館，結盟附近景點，打造文化園區，創造商機，增加就業機會。黃昏市場之設立。
1,1690.1568,3700.5049999024,九、督促市府改善交通，捷運到基隆。
1,1690.1568,3721.5109999047,十、爭取婚、喪補助。
1,1690.1568,3742.516999907,十一、提供大專生暑期工讀機會。
1,1690.1568,3763.5229999093,十二、原鄉文化學習交流之交通補助。
1,1690.1568,3784.5289999115,十三、原鄉農特產品特賣會之舉辦。原鄉－都會服務窗口之設立。
1,290.8828005,3986.3100004335,2
1,646.0386,3968.6430004316,朱瑞祥
1,837.0262005,3875.6352004214,50
1,837.0262005,3947.6352004293,02
1,837.0262005,4019.6352004371,15
1,985.173,3942.0151999287,臺灣省
1,985.173,3982.023199933,花蓮縣
1,1091.565,3962.0311999308,中國國民黨
1,1236.6133995,3895.8228004236,花蓮縣瑞穗鄉瑞美國
1,1236.6133995,3921.8227999265,小
1,1236.6133995,3947.8227994293,瑞穗國中
1,1236.6133995,3973.8228004321,台灣省立玉里高中
1,1236.6133995,3999.822799935,台北市立體育學院
1,1236.6133995,4025.8227994378,"( 三年制 )"
1,1435.0333995,3855.8227999193,陸軍政戰連營輔導長
1,1435.0333995,3876.8227999216,營旅師部政戰官
1,1435.0333995,3897.8227999239,花蓮國光商工職業學校教職員
1,1435.0333995,3918.8227999261,基隆市建德國小教職員
1,1435.0333995,3939.8227999284,基隆市八斗國小教職員
1,1435.0333995,3960.8227999307,基隆市國中國小學校原住民
1,1435.0333995,3981.822799933,族語支援教師
1,1435.0333995,4002.8227999353,基隆市原住民事務委員會委員
1,1435.0333995,4023.8227999376,基隆市體育會原住民運動委
1,1435.0333995,4044.8227999398,員會總幹事現任主任委員
1,1435.0333995,4065.8227999421,"現任基隆市第 17 屆市議員"
1,1690.1568,3886.7211994227,一、透過神愛世人的訓示，推動原住民族宗教心靈改造，與神建立親密關係，提升生活專嚴，展望社會祥和。
1,1690.1568,3907.7271994249,二、本著務實的心，奉獻自己的心力，為原住民族鄉親及基隆市服務。
1,1690.1568,3928.7331994272,三、極力要求市政府持續推動原住民族語言文化教育，並落實原住民族優良傳統文化之傳承。
1,1690.1568,3949.7391994295,四、持續督促市政府重視原住民族老人關懷及居家服務，並於各行政區爭取設立原住民族關懷據點。
1,1690.1568,3970.7451994318,五、極力要求市政府落實原住民族醫療、衛生、法律救助福利政策，並要求提升服務品質與效力。
1,1690.1568,3991.7511994341,六、極力爭取基隆市原住民各項職業技能及產業訓練經費之編列，提升原住民在社會職場及工商業各產業競爭力。
1,1690.1568,4012.7571994364,七、極力爭取原住民族文化會館納入本市觀光旅遊景點，並擴編樂舞展演員名額，以實質推動觀光產業發展。
1,1690.1568,4033.7631994386,八、持續監督市政府推動施政建設之發展，並落實政風業務。
1,290.8828005,4294.494600467,3
1,650.8692,4249.2276004621,拔耐．
1,634.194,4304.4276004681,茹妮老王
1,837.0262005,4183.819800455,60
1,837.0262005,4255.8198004628,12
1,837.0262005,4327.8198004706,29
1,985.173,4250.1997999622,臺灣省
1,985.173,4290.2077999665,臺東縣
1,1139.5656,4270.2157999644,無
1,1236.6133995,4256.0073994628,臺北縣私立莊敬高職
1,1236.6133995,4282.0074004656,服裝科畢業
1,1435.0333995,4195.5073999562,"至今從事社會弱勢運動 26"
1,1435.0333995,4216.5073999585,年多，現任人民火大行動聯
1,1435.0333995,4237.5073999608,盟原住民小組召集人、台灣
1,1435.0333995,4258.5073999631,倉儲運輸業工會聯合會總幹
1,1435.0333995,4279.5073999654,事、基隆市失業勞工保護協
1,1435.0333995,4300.5073999676,會監事、擔任基隆市政府及
1,1435.0333995,4321.5073999699,台北市政府勞資爭議獨任調
1,1435.0333995,4342.5073999722,解人
1,1690.1568,4169.9058004534,"誠心邀請主人 ( 選民 ) 加入「原是主人參政團」，用力監督我這位僕人。本人聯絡電話 :0939020382，電子信箱 :anai8775@gmail.com。"
1,1690.1568,4190.9118004557,現今我國政治已嚴重僵化和失能，政治人物「惡僕欺主」的亂象一再發生，這是因為選民對政治人物沒有「監督、約束」的武器。所以，我將會簽署「辭職書」給「原是
1,1690.1568,4211.917800458,主人參政團」，以示負責。
1,1690.1568,4232.9238004603,"我不開社會福利支票 ( 政見 )，我要求主人 ( 選民 ) 與我一起做該做的事。"
1,1690.1568,4253.9298004626,"1 落實主僕歸位 : 選民是主人，議員是僕人。改變選前開支票，選後就跳票的亂象。議員該做的事，在主人心裡，邀請主人一起當議員，一起討論執行該做的事。"
1,1690.1568,4274.9358004649,"2 突破藍綠、當家作主 : 主人 ( 選民 ) 應有獨立自主的思考、判斷能力，當自己的主人，用力監督僕人。"
1,1690.1568,4295.9418004672,"3 實踐新生活、新價值 : 我們存在這個城市、這個城市也屬於我們的，創造真正作為人，沒有歧視、壓迫，有精神、有尊嚴、自立互助的群體生活環境。"
1,1690.1568,4316.9478004694,"4 本人當選後，其公職收入及聘用助理等事，交由「原是主人參政團」議決。"
1,1690.1568,4337.9538004717,"5 本人將每季定期向「原是主人參政團」公佈工作報告，包括：財務收支、工作推動進度、提案連署、公聽會、記者會等。"
1,1690.1568,4366.9518004749,"6 本人當選後，若經「原是主人參政團」通過罷免案，將立即辭去所屬公職。"
2,365.1216,3536.1601998845,"基隆市議會第 18 屆議員選舉 ( 安樂區 ) 投開票所設置地點表"
2,365.1216,3594.3391998909,編號
2,422.3521995,3582.3481998896,投開票所
2,422.3521995,3606.3511998922,名稱
2,785.0221995,3594.3601998909,設　置　地　點
2,373.2114,3646.3021998965,"136 新西里 基隆市安樂區新西里新西街 106 － 1 號 ( 新西里民活動中心 )"
2,373.2114,3694.4821999017,"137 西川里 基隆市安樂區西川里新西街 1 號〈西川里民活動中心〉"
2,373.2114,3742.662199907,"138 定國里 基隆市安樂區定國里定國街 11 巷 42 號〈定國里民活動中心〉"
2,373.2114,3790.8421999122,"139 定邦里 基隆市安樂區定邦里安一路 100 巷 50 號〈定邦里民活動中心〉"
2,373.2114,3839.0221999175,"140 慈仁里 基隆市安樂區安和里安一路 177 巷 23 號〈安樂國小綜合教室〉"
2,373.2114,3887.2021999227,"141 干城里（一）"
2,544.251,3887.2470004227,"基隆市安樂區干城里安一路 278 巷 31 之 1 號 ( 干城里民活動中心 )"
2,373.2114,3935.436000428,"142 干城里（二） 基隆市安樂區干城里安一路 370 巷 1 號〈基隆市仁愛之家會客室〉"
2,373.2114,3983.6160004332,"143 永康里（一） 基隆市安樂區永康里崇德路 10 巷 22 號〈永康里民活動中心〉"
2,373.2114,4031.7960004384,"144 永康里（二） 基隆市安樂區安和里安一路 177 巷 23 號〈安樂國小活動中心〉"
2,373.2114,4079.9760004437,"145 安和里 基隆市安樂區安和里安一路 177 巷 23 號〈安樂國小健康中心旁教室〉"
2,373.2114,4128.1560004489,"146 樂一里 基隆市安樂區樂一里樂一路 91 號 2 樓〈樂一里民活動中心〉"
2,373.2114,4176.3360004541,"147 嘉仁里（一） 基隆市安樂區嘉仁里樂一路 101 號〈嘉仁里民活動中心〉"
2,373.2114,4224.5160004594,"148 嘉仁里（二） 基隆市安樂區嘉仁里崇德路 87 之 8 號〈嘉仁宮〉"
2,373.2114,4272.6960004646,"149 三民里（一） 基隆市安樂區三民里麥金路 439 巷 2 號〈新三民里民活動中心〉"
2,373.2114,4320.8760004699,"150 三民里（二） 基隆市安樂區四維里安和一街 386 號〈舊三民里民活動中心〉"
2,373.2114,4369.0560004751,"151 壯觀里（一） 基隆市安樂區壯觀里樂利二街 62 巷 297 號〈松府建設宅〈美廉社旁〉〉"
2,1228.0356,3594.3391998909,編號
2,1284.0846,3582.3481998896,投開票所
2,1284.0846,3606.3511998922,名稱
2,1646.7546,3594.3601998909,設　置　地　點
2,1236.6133995,3646.3021998965,"152 壯觀里（二） 基隆市安樂區壯觀里樂利二街 62 巷 282 號Ｂ 1〈壯觀里民活動中心〉"
2,1236.6133995,3694.4821999017,"153 四維里（一） 基隆市安樂區四維里安和一街 128 之 1 號 ( 四維里民活動中心 )"
2,1236.6133995,3742.662199907,"154 四維里（二） 基隆市安樂區四維里安和一街 29 號 ( 建德國中 907 教室 )"
2,1236.6133995,3790.8421999122,"155 四維里（三） 基隆市安樂區四維里安和二街 10 號（地下室停車場）〈安和大街國宅〉"
2,1236.6133995,3839.0221999175,"156 五福里（一） 基隆市安樂區五福里樂利三街 34 巷 52 號 2 樓〈五福里民活動中心〉"
2,1236.6133995,3887.2021999227,"157 五福里（二） 基隆市安樂區五福里樂利三街 34 巷 52 號 1 樓〈五福里民活動中心〉"
2,1236.6133995,3935.3821999279,"158 六合里（一） 基隆市安樂區六合里樂利三街 205 號〈山海關社區康樂室〉"
2,1236.6133995,3983.5621999332,"159 六合里（二） 基隆市安樂區六合里樂利三街 132 巷 2 弄 2 號地下室〈榮華特區地下室〉"
2,1236.6133995,4031.7421999384,"160 六合里（三） 基隆市安樂區六合里樂利三街 267 至 363 號（台北生活家社區ＶＩＰ室）"
2,1236.6133995,4079.9221999437,"161 七賢里（一） 基隆市安樂區七賢里安和一街 7 號 ( 建德幼兒園大禮堂 )"
2,1236.6133995,4128.1021999489,"162 七賢里（二） 基隆市安樂區七賢里安和一街 10 號 ( 七賢里民活動中心 )"
2,1236.6133995,4176.2821999541,"163 長樂里（一） 基隆市安樂區長樂里樂利三街 8 巷 1 號地下三樓 ( 龍騰社區 )"
2,1236.6133995,4224.4621999594,"164 長樂里（二） 基隆市安樂區長樂里樂利三街 6 號地下六樓 ( 民宅 )"
2,1236.6133995,4272.6421999646,"165 長樂里（三） 基隆市安樂區長樂里樂利三街 61 號地下一樓 ( 天驕社區文康室 )"
2,1236.6133995,4320.8221999699,"166 鶯歌里（一） 基隆市安樂區鶯歌里安樂路二段 164 號 2 樓 ( 安樂區公所禮堂 )"
2,1236.6133995,4369.0021999751,"167 鶯歌里（二） 基隆市安樂區鶯歌里安樂路二段 164 號 9 樓 ( 鶯歌里民活動中心 )"
2,2089.7676,3594.3391998909,編號
2,2145.8166,3582.3481998896,投開票所
2,2145.8166,3606.3511998922,名稱
2,2508.4866,3594.3601998909,設　置　地　點
2,2096.6758005,3646.3021998965,"168 鶯安里（一） 基隆市安樂區鶯安里麥金路 177 號 1 樓 ( 橘郡休閒館集會廳 )"
2,2096.6758005,3694.4821999017,"169 鶯安里（二）"
2,2267.7156,3694.4911999017,"基隆市安樂區鶯安里麥金路 177 號 4 樓才藝教室（橘郡社區休閒館才藝教室）"
2,2096.6758005,3742.680199907,"170 興寮里（一） 基隆市安樂區興寮里基金一路 41 號 ( 興寮里民活動中心 )"
2,2096.6758005,3790.8601999122,"171 興寮里（二）"
2,2267.7156,3790.8691999122,"基隆市安樂區興寮里基金一路 112 巷 110 弄 14 － 2 號旁 ( 龍邸中國社區 )"
2,2096.6758005,3839.0581999175,"172 外寮里（一） 基隆市安樂區外寮里基金一路 129 巷 6 之 1 號 ( 外寮里民活動中心 )"
2,2096.6758005,3887.2381999227,"173 外寮里（二） 基隆市安樂區外寮里武嶺街 295 號 1 樓之 1( 王啟安先生宅 )"
2,2096.6758005,3935.4181999279,"174 新崙里（一） 基隆市安樂區新崙里基金一路 210 巷 29 號 ( 沈孟嬋女士宅 )"
2,2096.6758005,3983.5981999332,"175 新崙里（二） 基隆市安樂區新崙里基金一路 230 號 ( 李豪士先生宅 )"
2,2096.6758005,4031.7781999384,"176 武崙里（一） 基隆市安樂區武崙里基金一路 176 之 1 號 ( 孔雀開屏社區 )"
2,2096.6758005,4079.9581999437,"177 武崙里（二）"
2,2267.7156,4080.0030004437,"基隆市安樂區武崙里基金一路 135 巷 21 弄 45 號地下一樓 ( 陽光故鄉社區活動中心 )"
2,2096.6758005,4128.1920004489,"178 武崙里（三）"
2,2267.7156,4128.1920004489,"基隆市安樂區武崙里基金一路 135 巷 11 之 1 號三樓 ( 基督教台灣信義會大武崙和平堂 )"
2,2096.6758005,4176.3810004542,"179 中崙里 基隆市安樂區中崙里基金二路 3 巷 3 號 ( 中崙里民活動中心 )"
2,2096.6758005,4224.5610004594,"180 內寮里（一） 基隆市安樂區內寮里武聖街 9 號 ( 內寮里民活動中心 )"
2,2096.6758005,4272.7410004646,"181 內寮里（二） 基隆市安樂區內寮里武聖街 9 號 ( 內寮里民活動中心長壽俱樂部 )"
2,2096.6758005,4320.9210004699,"182 內寮里（三） 基隆市安樂區內寮里武隆街 107 號 ( 隆聖國小會議室 )"
2,2096.6758005,4369.1010004751,"183 內寮里（四） 基隆市安樂區內寮里武隆街 107 號 ( 隆聖國小 101 教室 )"
2,357.1644,234.87979952554,選舉投票有關規定：
2,357.1644,270.15379952938,一、投票時間：民國103年11月29日（星期六）上午8時起至下午4時止。
2,357.1644,298.98979953251,二、選舉人資格：
2,405.1644,328.70460003574,1.中華民國國民年滿20歲，即民國83年11月29日(包括當日)以前出生，除
2,425.1564,368.7366000401,受監護宣告尚未撤銷者外，在各該選舉區內繼續居住4個月以上，即民
2,425.1564,408.76860004445,國103年7月29日(包括當日)以前遷入設有戶籍，至民國103年11月28日
2,425.1564,448.8006000488,繼續居住者，有市長、市議員選舉投票權。【上項居住期間，在行政區
2,425.1564,488.83260005316,域劃分選舉區者，仍以行政區域為範圍計算之。但於選舉公告發布(103
2,425.1564,528.86460005751,年8月21日含當日)後，遷入各該選舉區者，無選舉投票權。】
2,405.1644,568.89660006186,2.原住民選出之市議員，其選舉人須符合前款規定，並具有「平地原住
2,425.1564,608.92860006622,民」身分者為限。
2,357.1644,648.18619957049,三、選舉人投票應注意事項：
2,405.1644,677.89359907372,(一)投開票地點（見投開票所一覽表）。
2,405.1644,717.92559907807,(二)投票時攜帶本人國民身分證、印章及投票通知單；未攜帶投票通知單
2,445.1484,757.95759908242,者，務請記住投票通知單上之號碼，於領票時告知發票管理員。
2,405.1644,797.98959908678,(三)選舉人應於規定之投票時間內到場投票，逾時不許入場，但已於規定
2,445.1484,838.02159909113,時間內到場，尚未投票者仍可投票。選舉人應一次進入投票所投票，
2,445.1484,878.05359909548,離開投票所後，不得再次進入投票所投票。
2,405.1644,918.08559909984,(四)選舉人或其陪同家屬不得攜帶手機及其他攝影器材進入投票所，違反
2,445.1484,958.11759910419,者依公職人員選舉罷免法第一百零六條第一項規定，處新臺幣三萬元
2,445.1484,998.14959910854,以上三十萬元以下罰鍰。
2,405.1644,1038.1815991129,(五)任何人不得於投票所以攝影器材刺探選舉人圈選選舉票內容。違反者
2,445.1484,1078.2135991172,依公職人員選舉罷免法第一百零六條第二項規定，處五年以下有期徒
2,445.1484,1118.2455991216,刑，併科新臺幣五十萬元以下罰金，查獲之攝影器材沒收之。
2,405.1644,1158.277599126,(六)選舉人圈選後，不得將圈選內容出示他人，違者依公職人員選舉罷免
2,445.1484,1198.3095991303,法第一百零五條規定，處二年以下有期徒刑、拘役或科新臺幣二十萬
2,445.1484,1238.3415991347,元以下罰金。
2,405.1644,1278.373599139,(七)在投票所或開票所有下列情事之一者，經投票所主任管理員會同主任
2,445.1484,1318.4055991434,監察員令其退出，而不退出者，依公職人員選舉罷免法第一百零五條
2,445.1484,1358.4375991477,之規定，處二年以下有期徒刑、拘役或科新臺幣二十萬元以下罰金：
2,405.1644,1398.4695991521,　　1.在場喧嚷或干擾勸誘他人投票或不投票，不服制止。
2,405.1644,1438.5015991564,　　2.攜帶武器或危險物品入場。
2,405.1644,1478.5335991608,　　3.有其他不正當行為，不服制止。
2,405.1644,1518.5655991651,(八)選舉人領得選舉票後，應立即使用選舉機關製備之圈選工具，自行圈
2,445.1484,1558.5975991695,選，並將選舉票摺疊投入票匭，不得逗留；如將選舉票攜出投票所
2,445.1484,1598.6295991738,者，依公職人員選舉罷免法第一百零八條第一項規定，處一年以下有
2,445.1484,1638.6615991782,期徒刑、拘役或科新臺幣ㄧ萬五千元以下罰金；如將選舉票以外之物
2,445.1484,1678.6935991825,投入票匭，或故意撕毀領得之選舉票者，依公職人員選舉罷免法第
2,445.1484,1718.7255991869,一百一十條第八項之規定，處新臺幣五千元以上五萬元以下罰鍰。
2,405.1644,1758.7575991913,(九)在投票所四周三十公尺內，喧嚷或干擾勸誘他人投票或不投票，經警
2,445.1484,1798.7895991956,衛人員制止後仍繼續為之者，依公職人員選舉罷免法第一百零八條第
2,445.1484,1838.8215992,二項規定，處一年以下有期徒刑、拘役或科新臺幣一萬五千元以下罰
2,445.1484,1878.8535992043,金。
2,405.1644,1918.8855992087,(十)選舉票圈選示範圖如下（依公職人員選舉罷免各種書件表冊格式七之
2,445.1484,1958.917599213,（三）地方公職人員選舉選舉票式樣）：
2,604.2828,2017.4947997194,號
2,628.2828,2017.4947997194,
2,640.2828,2017.4947997194,
2,650.8692,2017.4947997194,次
2,779.0748,2017.4947997194,相
2,803.0748,2017.4947997194,
2,815.5362,2017.4947997194,
2,828.3361995,2017.4947997194,片
2,1005.5148,2017.4947997194,姓
2,1029.5148,2017.4947997194,
2,1041.5148,2017.4947997194,
2,1053.5148,2017.4947997194,
2,1065.5148,2017.4947997194,名
2,405.1644,2080.1107997262,圈
2,428.9868,2080.1107997262,　
2,452.9868,2080.1107997262,選
2,476.9868,2080.1107997262,　
2,500.9868,2080.1107997262,欄
2,580.2588,2080.1107997262,號
2,604.2828,2080.1107997262,　
2,628.2828,2080.1107997262,次
2,650.8692,2080.1107997262,　
2,676.2588,2080.1107997262,欄
2,755.0508,2080.1107997262,相
2,779.0748,2080.1107997262,　
2,803.0748,2080.1107997262,片
2,828.3361995,2080.1107997262,　
2,851.0508,2080.1107997262,欄
2,915.4908,2080.1107997262,候
2,939.4908,2080.1107997262,　
2,963.4908,2080.1107997262,選
2,987.4908,2080.1107997262,　
2,1011.4908,2080.1107997262,人
2,1035.4908,2080.1107997262,　
2,1059.4908,2080.1107997262,姓
2,1083.4908,2080.1107997262,　
2,1107.4908,2080.1107997262,名
2,1131.4908,2080.1107997262,　
2,1155.4908,2080.1107997262,欄
2,357.1644,2121.4350002307,※請使用本會製備之圈選工具圈蓋選舉票，選舉票「蓋章」或「按指印」，無效。
2,357.1644,2160.614599735,四、選舉票顏色：區域議員選舉票為白色。
2,357.1644,2189.4505997381,　　　　　　　　平地原住民議員選舉票為淺藍色。
2,357.1644,2218.2865997412,五、選舉票有下列情形之一者無效：
2,405.1644,2248.0077992445,(一)圈選二人以上。
2,405.1644,2288.0397992488,(二)不用本會製發之選舉票。
2,405.1644,2328.0717992532,(三)所圈位置不能辨別為何人。
2,405.1644,2368.1037992575,(四)圈後加以塗改。
2,405.1644,2408.1357992619,(五)簽名、蓋章、按指印、加入任何文字或符號。
2,405.1644,2448.1677992662,(六)將選舉票撕破致不完整。
2,405.1644,2488.1997992706,(七)將選舉票污染致不能辨別所圈選為何人。
2,405.1644,2528.2317992749,(八)不加圈完全空白。
2,405.1644,2568.2637992793,(九)不用本會製備之圈選工具。
2,357.1644,2607.5328002836,六、妨害選舉之處罰：
2,405.1644,2637.2401997868,(一)妨害選舉罷免處罰（摘錄公職人員選舉罷免法第五章有關規定）。
2,405.1644,2677.2721997911,第九十三條　違反第五十五條第一款規定者，處七年以上有期徒刑；違反
2,428.9868,2717.3041997955,第二款規定者，處五年以上有期徒刑；違反第三款規定者，依各該有關
2,428.9868,2757.3361997998,處罰之法律處斷。
2,405.1644,2797.3681998042,第九十四條　利用競選或助選機會，公然聚眾，以暴動破壞社會秩序者，
2,428.9868,2837.4001998085,處七年以上有期徒刑；首謀者，處無期徒刑或十年以上有期徒刑。
2,405.1644,2877.4321998129,　前項之未遂犯罰之。
2,405.1644,2917.4641998173,第九十五條　意圖妨害選舉或罷免，對於公務員依法執行職務時，施強暴
2,428.9868,2957.4961998216,脅迫者，處五年以下有期徒刑。
2,405.1644,2997.528199826,　犯前項之罪，因而致公務員於死者，處無期徒刑或七年以上有期徒刑；
2,428.9868,3037.5601998303,致重傷者，處三年以上十年以下有期徒刑。
2,405.1644,3077.5921998347,第九十六條　公然聚眾，犯前條之罪者，在場助勢之人，處三年以下有期
2,428.9868,3117.624199839,徒刑、拘役或科新臺幣三十萬元以下罰金；首謀及下手實施強暴脅迫
2,428.9868,3157.6561998434,者，處三年以上十年以下有期徒刑。
2,405.1644,3197.6881998477,　犯前項之罪，因而致公務員於死者，首謀及下手實施強暴脅迫者，處無
2,428.9868,3237.7201998521,期徒刑或七年以上有期徒刑；致重傷者，處五年以上十二年以下有期徒
2,428.9868,3277.7521998564,刑。
2,405.1644,3317.7841998608,第九十七條　對於候選人或具有候選人資格者，行求期約或交付賄賂或其
2,428.9868,3357.8161998651,他不正利益，而約其放棄競選或為一定之競選活動者，處三年以上十年
2,428.9868,3397.8481998695,以下有期徒刑，併科新臺幣二百萬元以上二千萬元以下罰金。
2,405.1644,3437.8801998738,　候選人或具有候選人資格者，要求期約或收受賄賂或其他不正利益，而
2,1292.7804,227.54419952474,許以放棄競選或為一定之競選活動者，亦同。
2,1268.7804,267.67219952911,　預備犯前二項之罪者，處一年以下有期徒刑。
2,1268.7804,307.80019953347,　預備或用以行求期約或交付之賄賂，不問屬於犯人與否，沒收之；犯第
2,1292.7804,347.92819953784,二項之罪者，所收受之賄賂沒收之；如全部或一部不能沒收時，追徵其
2,1292.7804,388.0561995422,價額。
2,1268.7804,428.18419954656,第九十八條　以強暴、脅迫或其他非法之方法為下列行為之一者，處五年
2,1292.7804,468.31219955093,以下有期徒刑：
2,1268.7804,508.44019955529,　一、妨害他人競選或使他人放棄競選。
2,1268.7804,548.56819955965,　二、妨害他人為罷免案之提議、連署或使他人為罷免案之提議、連署。
2,1268.7804,588.69619956402,　前項之未遂犯罰之。
2,1268.7804,628.82419956838,第九十九條　對於有投票權之人，行求期約或交付賄賂或其他不正利益，
2,1292.7804,668.95219957274,而約其不行使投票權或為一定之行使者，處三年以上十年以下有期徒
2,1292.7804,709.08019957711,刑，得併科新臺幣一百萬元以上一千萬元以下罰金。
2,1268.7804,749.20819958147,　預備犯前項之罪者，處一年以下有期徒刑。
2,1268.7804,789.33619958584,　預備或用以行求期約或交付之賄賂，不問屬於犯人與否，沒收之。
2,1268.7804,829.4641995902,　犯第一項或第二項之罪，於犯罪後六個月內自首者，減輕或免除其刑；
2,1292.7804,869.59219959456,因而查獲候選人為正犯或共犯者，免除其刑。
2,1268.7804,909.72019959893,　犯第一項或第二項之罪，在偵查中自白者，減輕其刑；因而查獲候選人
2,1292.7804,949.84819960329,為正犯或共犯者，減輕或免除其刑。
2,1268.7804,989.97619960765,第一百零二條　有下列行為之一者，處一年以上七年以下有期徒刑，併科
2,1292.7804,1030.104199612,新臺幣一百萬元以上一千萬元以下罰金：
2,1268.7804,1070.2321996164,　一、對於該選舉區內之團體或機構，假借捐助名義，行求期約或交付財
2,1340.7804,1110.3601996207,物或其他不正利益，使其團體或機構之構成員，不行使投票權或為
2,1340.7804,1150.4881996251,一定之行使。
2,1268.7804,1190.6161996295,　二、以財物或其他不正利益，行求期約或交付罷免案提議人或連署人，
2,1340.7804,1230.7441996338,使其不為提議或連署，或為一定之提議或連署。
2,1268.7804,1270.8721996382,　預備犯前項之罪者，處一年以下有期徒刑。
2,1268.7804,1311.0001996426,　預備或用以行求期約或交付之賄賂，不問屬於犯人與否，沒收之。
2,1268.7804,1351.1281996469,第一百零三條　意圖漁利，包攬第九十七條第一項、第二項、第九十九條
2,1292.7804,1391.2561996513,第一項、第一百條第一項、第二項或第一百零二條第一項各款之事務
2,1292.7804,1431.3841996557,者，處三年以上十年以下有期徒刑，得併科新臺幣一百萬元以上一千萬
2,1292.7804,1471.51219966,元以下罰金。
2,1268.7804,1511.6401996644,　前項之未遂犯罰之。
2,1268.7804,1551.7681996687,第一百零四條　意圖使候選人當選或不當選，以文字、圖畫、錄音、錄
2,1292.7804,1591.8961996731,影、演講或他法，散布謠言或傳播不實之事，足以生損害於公眾或他人
2,1292.7804,1632.0241996775,者，處五年以下有期徒刑。
2,1268.7804,1672.1521996818,第一百零五條　違反第六十三條第二項或第八十八條第二項規定或有第
2,1292.7804,1712.2801996862,六十五條第一項各款情事之一，經令其退出而不退出者，處二年以下有
2,1292.7804,1752.4081996906,期徒刑、拘役或科新臺幣二十萬元以下罰金。
2,1268.7804,1792.5361996949,第一百零六條　違反第六十五條第三項規定者，處新臺幣三萬元以上三十
2,1292.7804,1832.6641996993,萬元以下罰鍰。
2,1268.7804,1872.7921997037,　違反第六十五條第四項規定者，處五年以下有期徒刑，併科新臺幣五十
2,1292.7804,1912.920199708,萬元以下罰金，查獲之攝影器材沒收之。
2,1268.7804,1953.0481997124,第一百零七條　選舉、罷免之進行，有下列情事之一者，在場助勢之人，
2,1292.7804,1993.1761997167,處一年以下有期徒刑、拘役或科新臺幣十萬元以下罰金；首謀及下手實
2,1292.7804,2033.3041997211,施者，處五年以下有期徒刑：
2,1268.7804,2073.4321997255,　一、聚眾包圍候選人、被罷免人、罷免案提議人、連署人或其辦事人員
2,1340.7804,2113.5601997298,之服務機關、辦事處或住、居所。
2,1268.7804,2153.6881997342,　二、聚眾以強暴、脅迫或其他非法之方法，妨害候選人從事競選活動、
2,1340.7804,2193.8161997386,被罷免人執行職務或罷免案提議人、連署人或其辦事人員對罷免案
2,1340.7804,2233.9441997429,之進行。
2,1268.7804,2274.0721997473,第一百零八條　將領得之選舉票或罷免票攜出場外者，處一年以下有期徒
2,1292.7804,2314.2001997517,刑、拘役或科新臺幣一萬五千元以下罰金。
2,1268.7804,2354.328199756,　在投票所四周三十公尺內，喧嚷或干擾勸誘他人投票或不投票，經警衛
2,1292.7804,2394.4561997604,人員制止後仍繼續為之者，處一年以下有期徒刑、拘役或科新臺幣一萬
2,1292.7804,2434.5841997647,五千元以下罰金。
2,1268.7804,2474.7121997691,第一百零九條　意圖妨害或擾亂投票、開票而抑留、毀壞、隱匿、調換或
2,1292.7804,2514.8401997735,奪取投票匭、選舉票、罷免票、選舉人名冊、投票報告表、開票報告
2,1292.7804,2554.9681997778,表、開票統計或圈選工具者，處五年以下有期徒刑。
2,1268.7804,2595.0961997822,第一百十條　違反第四十四條、第四十五條、第五十二條第一項、第二
2,1292.7804,2635.2241997866,項、第八十六條第二項、第三項規定者，處新臺幣十萬元以上一百萬元
2,1292.7804,2675.3521997909,以下罰鍰。
2,1268.7804,2715.4801997953,　廣播電視事業違反第四十九條第一項、第二項或第三項規定者，處新臺
2,1292.7804,2755.6081997997,幣二十萬元以上二百萬元以下罰鍰。
2,1268.7804,2795.736199804,　中央及地方政府各級機關首長或相關人員違反第五十條規定者，處三年
2,1292.7804,2835.8641998084,以下有期徒刑；並得就該機關所支之費用，予以追償。
2,1268.7804,2875.9921998127,　報紙、雜誌未依第五十一條規定於廣告中載明刊登者之姓名，法人或團
2,1292.7804,2916.1201998171,體之代表人姓名者，處報紙、雜誌事業新臺幣二十萬元以上二百萬元以
2,1292.7804,2956.2481998215,下或該廣告費二倍之罰鍰。
2,1268.7804,2996.3761998258,　違反第五十三條或第五十六條規定者，處新臺幣五十萬元以上五百萬元
2,1292.7804,3036.5041998302,以下罰鍰；違反第五十六條之規定，經制止不聽者，按次連續處罰。
2,1268.7804,3076.6321998346,　政黨、法人或非法人團體違反第五十二條第一項或第二項規定者，依第
2,1292.7804,3116.7601998389,一項規定，併處罰其代表人及行為人；違反第五十三條或第五十六條規
2,1292.7804,3156.8881998433,定者，依前項規定，併處罰其代表人及行為人。
2,1268.7804,3197.0161998477,　委託大眾傳播媒體，刊播競選廣告或委託夾報散發宣傳品，違反第
2,1292.7804,3237.144199852,五十六條第二款規定者，依第六項規定，處罰委託人及受託人。
2,1268.7804,3277.2721998564,　將選舉票或罷免票以外之物投入票匭，或故意撕毀領得之選舉票或罷免
2,1292.7804,3317.4001998607,票者，處新臺幣五千元以上五萬元以下罰鍰。
2,1268.7804,3357.5281998651,第一百十一條　犯第九十七條第二項之罪或刑法第一百四十三條第一項之
2,1292.7804,3397.6561998695,罪，於犯罪後三個月內自首者，免除其刑；逾三個月者，減輕或免除其
2,1292.7804,3437.7841998738,刑；在偵查或審判中自白者，減輕其刑。
2,2132.3964,227.44819952473,　意圖他人受刑事處分，虛構事實，而為前項之自首者，依刑法誣告罪之
2,2156.3964,269.13619952927,規定處斷。
2,2132.3964,310.8241995338,第一百十二條　政黨推薦之候選人犯第九十四條至第九十六條、第九十七
2,2156.3964,352.51219953833,條第一項、第二項、第九十八條第一項第一款或其未遂犯、第九十九
2,2156.3964,394.20019954287,條、第一百零二條第一項第一款或其預備犯、第一百零九條、刑法第
2,2156.3964,435.8881995474,一百四十二條或第一百四十五條至第一百四十七條之罪，經判刑確定
2,2156.3964,477.57619955193,者，按其確定人數，各處推薦之政黨新臺幣五十萬元以上五百萬元以下
2,2156.3964,519.26419955647,罰鍰。
2,2132.3964,560.952199561,　政黨推薦之候選人，對於其他候選人犯刑法第二百七十一條、第
2,2156.3964,602.64019956553,二百七十七條、第二百七十八條、第三百零二條、第三百零四條、第
2,2156.3964,644.32819957007,三百零五條、第三百四十六條至第三百四十八條或其特別法之罪，經判
2,2156.3964,686.0161995746,刑確定者，依前項規定處罰。
2,2132.3964,727.70419957913,第一百十三條　犯本章之罪，其他法律有較重處罰之規定者，從其規定。
2,2132.3964,769.39219958367,　辦理選舉、罷免事務人員，假借職務上之權力、機會或方法，以故意犯
2,2156.3964,811.0801995882,本章之罪者，加重其刑至二分之一。
2,2132.3964,852.76819959273,　犯本章之罪或刑法分則第六章之妨害投票罪，宣告有期徒刑以上之刑
2,2156.3964,894.45619959727,者，並宣告褫奪公權。
2,2132.3964,936.1441996018,第一百十四條　已登記為候選人之現任公務人員，有下列情形之一者，經
2,2156.3964,977.83219960633,選舉委員會查明屬實後，通知各該人員之主管機關先行停止其職務，並
2,2156.3964,1019.5201996109,依法處理：
2,2132.3964,1061.2081996154,　一、無正當理由拒絕選舉委員會請協辦事項或請派人員。
2,2132.3964,1102.8961996199,　二、干涉選舉委員會人事或業務。
2,2132.3964,1144.5841996245,　三、藉名動用或挪用公款作競選之費用。
2,2132.3964,1186.272199629,　四、要求有部屬或有指揮、監督關係之團體暨各該團體負責人作競選之
2,2204.3964,1227.9601996335,支持。
2,2132.3964,1269.6481996381,　五、利用職權無故調動人員，對競選預作人事之安排。
2,2132.3964,1311.3361996426,第一百十五條　中央公職人員選舉，由最高法院檢察署檢察總長督率各級
2,2156.3964,1353.0241996471,檢察官；地方公職人員選舉，由該管法院檢察署檢察長督率所屬檢察
2,2156.3964,1394.7121996517,官，分區查察，自動檢舉有關妨害選舉、罷免之刑事案件，並接受機
2,2156.3964,1436.4001996562,關、團體或人民是類案件之告發、告訴、自首，即時開始偵查，為必要
2,2156.3964,1478.0881996607,之處理。
2,2132.3964,1519.7761996653,　前項案件之偵查，檢察官得依刑事訴訟法及調度司法警察條例等規定，
2,2156.3964,1561.4641996698,指揮司法警察人員為之。
2,2132.3964,1603.1521996743,第一百十六條　犯本章之罪或刑法第六章妨害投票罪之案件，各審受理法
2,2156.3964,1644.8401996789,院應於六個月內審結。
2,2132.3964,1686.5281996834,第一百十七條　當選人犯第九十七條第一項至第三項、第九十九條第一
2,2156.3964,1728.2161996879,項、第二項、第一百條第一項至第三項、第一百零二條第一項第一款或
2,2156.3964,1769.9041996925,其預備犯或第一百零三條之罪，經法院判處有期徒刑以上之刑而未受緩
2,2156.3964,1811.592199697,刑之宣告者，自判決之日起，當然停止其職務或職權。
2,2132.3964,1853.2801997015,　依前項停止職務或職權之人員，經改判無罪時，於其任期屆滿前復職。
2,2132.3964,1894.9681997061,（二）妨害投票罪（刑法分則第六章）：
2,2132.3964,1936.6561997106,第一百四十二條　以強暴脅迫或其他非法之方法，妨害他人自由行使法定
2,2156.3964,1978.3441997151,之政治上選舉或其他投票權者，處五年以下有期徒刑。
2,2132.3964,2020.0321997197,　前項之未遂犯罰之。
2,2132.3964,2061.7201997242,　第一百四十三條　有投票權之人，要求、期約或收受賄賂或其他不正利
2,2180.3964,2103.4081997287,益，而許以不行使其投票權或為一定之行使者，處三年以下有期徒
2,2180.3964,2145.0961997333,刑，得併科五千元以下罰金。
2,2132.3964,2186.7841997378,　犯前項之罪者，所收受之賄賂沒收之。如全部或一部不能沒收時，追徵
2,2156.3964,2228.4721997423,其價額。
2,2132.3964,2270.1601997469,第一百四十五條　以生計上之利害，誘惑投票人不行使其投票權或為一定
2,2156.3964,2311.8481997514,之行使者，處三年以下有期徒刑。
2,2132.3964,2353.5361997559,第一百四十六條　以詐術或其他非法之方法，使投票發生不正確之結果或
2,2156.3964,2395.2241997605,變造投票之結果者，處五年以下有期徒刑。
2,2132.3964,2436.912199765,　意圖使特定候選人當選，以虛偽遷徙戶籍取得投票權而為投票者，亦
2,2156.3964,2478.6001997695,同。
2,2132.3964,2520.2881997741,　前二項之未遂犯罰之。
2,2132.3964,2561.9761997786,第一百四十七條　妨害或擾亂投票者，處二年以下有期徒刑、拘役或五百
2,2156.3964,2603.6641997831,元以下罰金。
2,2132.3964,2645.3521997877,第一百四十八條　於無記名之投票，刺探票載之內容者，處三百元以下罰
2,2156.3964,2687.0401997922,金。
2,2162.8764,2961.9726003221,"基隆市議會第 18 屆議員選舉公辦政見發表會場次時間地點"
2,2119.6734,2995.2513993257,"選舉區 1 2 3 4 5 6 7 8"
2,2128.7094,3024.5913993289,"區別 中正 信義 仁愛 中山 安樂 暖暖 七堵 平地原住民"
2,2128.7094,3053.9313993321,"場次 1 1 1 1 1 1 1 1"
2,2101.2774,3127.2813993401,時間
2,2171.7834,3083.2713993353,"月 11 11 11 11 11 11 11 11"
2,2171.7834,3112.6113993385,"日 22 20 19 24 21 19 19 22"
2,2162.8764,3141.9513993417,"星期 六 四 三 一 五 三 三 六"
2,2162.8764,3171.2913993449,"時間 10:00 18:30 19:00 18:30 19:00 19:00 19:00 14:00"
2,2101.2774,3222.2313993504,地點
2,2213.2734,3211.4313993492,中砂里民
2,2213.2734,3233.0313993516,活動中心
2,2303.9574,3211.4313993492,區公所
2,2294.9574,3233.0313993516,五樓禮堂
2,2385.6414,3211.4313993492,區公所
2,2376.6414,3233.0313993516,六樓禮堂
2,2458.3254,3211.4313993492,通明里民
2,2458.3254,3233.0313993516,活動中心
2,2540.0094,3200.631399348,建德國小
2,2540.0094,3222.2313993504,學生活動
2,2558.0094,3243.8313993527,中心
2,2621.6934,3211.4313993492,暖暖國小
2,2639.6934,3233.0313993516,禮堂
2,2701.7214,3200.631399348,區公所六樓
2,2710.7214,3222.2313993504,區民活動
2,2728.7214,3243.8313993527,中心
2,2813.3934,3211.4313993492,中砂里民
2,2813.3934,3233.0313993516,活動中心
2,2092.4574,3302.5113993591,政見會
2,2092.4574,3324.1113993615,主持人
2,2222.3094,3313.3113993603,"趙明華 林文琛 駱文章 鄭錦濃 馬福能 吳國偉 李吉清 趙明華"
2,2101.2774,3382.7913993679,監察
2,2101.2774,3404.3913993702,小組
2,2101.2774,3425.9913993726,委員
2,2222.3094,3404.3913993702,"吳台楨 劉文雄 童德寬 陳枝松 邱垂金 陳正太 李陸興 吳台楨"
