"page #",x,y,text
1,304.6699995545,-50.828198993791,"桃園市桃園區北埔里第1屆里長選舉 選舉公報"
1,2152.5703998851,54.734399993313,桃園市選舉委員會編印
1,125.43360002244,156.07420048093,桃園市桃園區北埔里第1屆里長選舉，經定於中華民國一百零三年十一月二十九日(星期六)上午八時起至下午四時止舉行
1,125.43360002244,218.47420047331,投票。茲依公職人員選舉罷免法第47條規定，將候選人所填之政見及個人資料刊登如下，候選人個人資料係依據候選人所
1,125.43360002244,280.87420046569,填列資料刊登，如有不實，由候選人自行負責。
1,125.43360002244,371.69440045459,桃園市桃園區北埔里第1屆里長選舉候選人：
1,690.3624001235,4026.2480005082,神聖一票，絕不放棄。
1,143.38579952565,2276.4376002219,"編號 投開票所名稱 投開票所地址 所屬村里 所屬鄰別"
1,143.38579952565,2300.181599719,"0001 建國國小一年三班 昆明路95號 大林里 1,3,6,11,12,18,20,25"
1,143.38579952565,2322.9815997162,"0002 建德國小一年五班 延平路265號 大林里 21,26-29,32,33"
1,143.38579952565,2345.7815997134,"0003 建德國小一年七班 延平路265號 大林里 4,7,13,14,16,24"
1,143.38579952565,2368.5815997107,"0004 復興崗幼兒園企鵝班 大原路150號 大林里 2,5,15,17,19,22,30"
1,143.38579952565,2391.3815997079,"0005 復興崗幼兒園熊貓班 大原路150號 大林里 8"
1,143.38579952565,2414.1815997051,"0006 建德國小一年二班 延平路265號 大林里 9,10,23,31"
1,143.38579952565,2436.9815997023,"0007 建國國小一年五班 昆明路95號 大豐里 1-11"
1,143.38579952565,2459.7815996995,"0008 建國國小一年六班 昆明路95號 大豐里 12-18"
1,143.38579952565,2482.5815996967,"0009 建國國小一年八班 昆明路95號 大豐里 19-25"
1,143.38579952565,2505.3815996939,"0010 宋天宮（辦公室） 桃鶯路87巷52號 建國里 1-5,7,8,12,16,17"
1,143.38579952565,2528.1815996912,"0011 宋天宮（餐廳） 桃鶯路87巷52號 建國里 18-22,24-26"
1,143.38579952565,2550.9815996884,"0012 建國公園管理中心 建成街88號 建國里 6,9-11,13-15,23"
1,143.38579952565,2573.7815996856,"0013 大林寺 桃鶯路124號 雲林里 1-9"
1,143.38579952565,2596.5815996828,"0014 建國國小六年一班(B103) 昆明路95號 雲林里 10-15"
1,143.38579952565,2620.8215996798,"0015 建國國小六年三班(B101) 昆明路95號 雲林里 16-21,26"
1,143.38579952565,2645.0615996769,"0016 建國國小四年一班(D104) 昆明路95號 雲林里 22-25"
1,143.38579952565,2667.8615996741,"0017 建國國小五年十班 昆明路95號 福安里 1-7,9-11,19"
1,143.38579952565,2690.6615996713,"0018 建國國小三年十班 昆明路95號 福安里 16-18,23-27"
1,143.38579952565,2713.4615996685,"0019 陽明公園管理中心 介壽路199號 福安里 8,12-15,20-22"
1,143.38579952565,2736.2615996657,"0020 建國國中三年二十二班 介新街20號 福林里 1-9"
1,143.38579952565,2759.061599663,"0021 建國國中二年五班 介新街20號 福林里 10-20"
1,143.38579952565,2781.8615996602,"0022 建國國中二年二十班 介新街20號 福林里 21-30"
1,143.38579952565,2804.6615996574,"0023 葉建成宅 永美街71號 豐林里 1,12,20-22,32"
1,143.38579952565,2827.4615996546,"0024 陽明公園管理中心 介壽路199號 豐林里 2,4,5,13-15,23,33,35,36"
1,143.38579952565,2850.2615996518,"0025 盧嘉雄宅 保羅街181號 豐林里 3,8-10,16,17,27-31"
1,143.38579952565,2873.061599649,"0026 楊柳川宅 青田街148號 豐林里 6,7,11,18,19,24-26,34,37"
1,143.38579952565,2895.8615996462,"0027 天主教堂 永樂街147號 中和里 1-14"
1,143.38579952565,2918.6615996435,"0028 桃園國中和平樓七年2班 莒光街2號 中興里 1-11"
1,143.38579952565,2941.4615996407,"0029 桃園國中信義樓八年2班 莒光街2號 中興里 12-24"
1,143.38579952565,2964.2615996379,"0030 桃園國中四維樓九年20班 莒光街2號 中興里 25-35"
1,143.38579952565,2987.0615996351,"0031 桃園國小三年六班 民權路67號 文化里 1-8"
1,143.38579952565,3009.8615996323,"0032 桃園國小自然教室（一） 民權路67號 文昌里 1-10"
1,143.38579952565,3032.6615996295,"0033 桃園國小課後照顧班 民權路67號（民族路後門） 文明里 1-13"
1,143.38579952565,3055.4615996267,"0034 林翁謙宅 北新街16號 北門里 1-14"
1,143.38579952565,3078.261599624,"0035 東門國小二年二班 東國街14號 民生里 1-14"
1,143.38579952565,3101.0615996212,"0036 成功國小東前棟一樓專科教室 三民路三段22號 永興里 1-15"
1,143.38579952565,3123.8615996184,"0037 西門國小一年二班 莒光街15號 光興里 1-13"
1,143.38579952565,3146.6615996156,"0038 西門國小一年三班 莒光街15號 光興里 14-25"
1,143.38579952565,3169.4615996128,"0039 西門國小一年四班 莒光街15號 光興里 26-37"
1,143.38579952565,3192.26159961,"0040 西門國小一年六班 莒光街15號 西門里 1-12"
1,143.38579952565,3215.0615996072,"0041 西門國小一年八班 莒光街15號 西湖里 1-12"
1,143.38579952565,3237.8615996045,"0042 桃園國小六年一班 民權路67號 武陵里 1-12"
1,143.38579952565,3260.6615996017,"0043 桃園市老人會館 民權路69巷2號 長美里 1-10"
1,143.38579952565,3283.4615995989,"0044 陽明高中知行樓一樓 德壽街8號 南門里 1-8,20"
1,143.38579952565,3306.2615995961,"0045 南門國小一年二班 復興路303號 南門里 10-18"
1,143.38579952565,3329.0615995933,"0046 南門國小一年四班 復興路303號 南門里 19,21,22,24-27"
1,143.38579952565,3351.8615995905,"0047 陽明高中一年十七班 德壽街8號 南門里 9,23,28-31"
1,143.38579952565,3374.6615995878,"0048 桃園國小二年一班 民權路67號（民族路後門） 南華里 1-12"
1,143.38579952565,3397.461599585,"0049 中山國小一年五班 國際路一段1070號 中山里 1-7"
1,143.38579952565,3420.2615995822,"0050 中山國小一年九班 國際路一段1070號 中山里 8-14"
1,143.38579952565,3443.0615995794,"0051 中山國小一年十班 國際路一段1070號 中山里 15-25"
1,143.38579952565,3465.8615995766,"0052 中山國小三年二班 國際路一段1070號 中山里 26-32"
1,143.38579952565,3488.6615995738,"0053 幼華幼兒園 宏昌五街16號 中平里 1-5,7,8"
1,143.38579952565,3511.461599571,"0054 葉妃萍宅 中州街48號 中平里 10,14-19,21,22,24-26"
1,143.38579952565,3534.2615995683,"0055 聖化佛堂 壽昌街108號 中平里 6,9,11-13,20,23,27"
1,143.38579952565,3557.0615995655,"0056 桃園農田水利會一樓大廳 守法路62號 中正里 1-9"
1,143.38579952565,3579.8615995627,"0057 文山國小二年一班 文中路120號 中正里 10-20"
1,143.38579952565,3602.6615995599,"0058 文山國小二年三班 文中路120號 中正里 21-28"
1,143.38579952565,3625.4615995571,"0059 明聖道院 永佳街126號 中成里 1-5,20"
1,143.38579952565,3648.2615995543,"0060 蓮華寺 慈文路410號 中成里 13-17,19"
1,143.38579952565,3671.0615995515,"0061 華人幼兒園 永安路764號 中成里 6-12,18"
1,143.38579952565,3693.8615995488,"0062 玄城宮廣場 國強一街166號斜對面 中信里 1-3,16-19,21"
1,143.38579952565,3716.661599546,"0063 樺興幼稚園 德華街221號 中信里 4,5,7-15"
1,143.38579952565,3739.4615995432,"0064 寶祥縣寶社區廣場 中山路1000號 中信里 6,20,22-27"
1,143.38579952565,3762.2615995404,"0065 中原里等五里聯合集會所 中平路118號 中原里 1-10"
1,143.38579952565,3785.0615995376,"0066 中原里等五里聯合集會所 中平路118號 中原里 11-20"
1,143.38579952565,3807.8615995348,"0067 中山國小三年一班 國際路一段1070號 中泰里 1,2,4-6,12,13"
1,143.38579952565,3830.661599532,"0068 武陵高中一年八班 中山路889號 中泰里 3,7-11,14,15"
1,143.38579952565,3853.4615995293,"0069 武陵高中一年四班 中山路889號 中聖里 1-5,9"
1,1059.9208006896,2276.4376002219,"編號 投開票所名稱 投開票所地址 所屬村里 所屬鄰別"
1,1059.9208006896,2300.181599719,"0070 武陵高中一年五班 中山路889號 中聖里 6,8,10-13"
1,1059.9208006896,2322.9815997162,"0071 武陵高中一年六班 中山路889號 中聖里 7,14-16"
1,1059.9208006896,2345.7815997134,"0072 文山國小一年二班 文中路120號 中路里 1-8,21"
1,1059.9208006896,2368.5815997107,"0073 文山國小二年五班 文中路120號 中路里 9-20"
1,1059.9208006896,2391.3815997079,"0074 呂水盛宅旁車庫 國際一路110號旁車庫 中德里 1-5,7,22-26,28"
1,1059.9208006896,2414.1815997051,"0075 中山社區活動中心 國際路一段575號 中德里 15-21,27"
1,1059.9208006896,2446.5815997011,"0076 蕭士淳宅旁車庫"
1,1412.5128002527,2436.9815997023,國際路一段91號（國際路一段
1,1412.5128002527,2456.1815997,101巷內）
1,1639.1208002932,2446.5815997011,"中德里 6,8-14"
1,1059.9208006896,2478.9815996972,"0077 中興國中二年一班 文中路122號 文中里 1-8"
1,1059.9208006896,2501.7815996944,"0078 中興國中二年三班 文中路122號 文中里 9-17"
1,1059.9208006896,2524.5815996916,"0079 振聲高中普一廉（A107） 復興路439號 玉山里 1,13,19-25"
1,1059.9208006896,2547.3815996888,"0080 振聲高中觀一實（A109） 復興路439號 玉山里 2-6,15,18"
1,1059.9208006896,2570.181599686,"0081 南門國小六年舞蹈班 南山街側門 玉山里 7-12,14,16,17,26"
1,1059.9208006896,2592.9815996832,"0082 振聲高中普一禮（A105） 復興路439號 泰山里 1-4,6-9"
1,1059.9208006896,2615.7815996805,"0083 振聲高中普一成（A103） 復興路439號 泰山里 5,10-20"
1,1059.9208006896,2638.5815996777,"0084 龍山國小太鼓教室旁 龍泉二街36號 龍山里 1-7"
1,1059.9208006896,2661.3815996749,"0085 龍山國小三年二班 龍泉二街36號 龍山里 16-27"
1,1059.9208006896,2684.1815996721,"0086 龍山國小綜合教室 龍泉二街36號 龍山里 8-15"
1,1059.9208006896,2706.9815996693,"0087 桃園市戶政事務所地下室右側 國豐三街123號 龍安里 1,2,6,8-13"
1,1059.9208006896,2729.7815996665,"0088 桃園市戶政事務所地下室左側 國豐三街123號 龍安里 14-16,18-20"
1,1059.9208006896,2752.5815996637,"0089 龍安國小一年五班 桃園縣蘆竹市文中路一段35號 龍安里 3-5,7,17"
1,1059.9208006896,2775.381599661,"0090 上海新天地二期社區文康中心 江南二街51號 龍岡里 1-10"
1,1059.9208006896,2798.1815996582,"0091 歡樂家庭社區中庭 國強一街208號 龍岡里 20-22,24,25"
1,1059.9208006896,2820.9815996554,"0092 宏國大廈中廊藝文活動中心 江南十街24號 龍岡里 11-19,23"
1,1059.9208006896,2843.7815996526,"0093 龍山國小一年一班 龍泉二街36號 龍祥里 1-6"
1,1059.9208006896,2866.5815996498,"0094 龍山國小一年五班 龍泉二街36號 龍祥里 13-18"
1,1059.9208006896,2889.381599647,"0095 龍山國小一年三班 龍泉二街36號 龍祥里 7-12"
1,1059.9208006896,2912.1815996442,"0096 龍山國小四年三班 龍泉二街36號 龍壽里 1-4"
1,1059.9208006896,2934.9815996415,"0097 龍山國小二年六班 龍泉二街36號 龍壽里 5-9"
1,1059.9208006896,2957.7815996387,"0098 龍山國小三年一班 龍泉二街36號 龍壽里 10-16"
1,1059.9208006896,2980.5815996359,"0099 龍岡社區活動中心幼兒園大熊班 國豐二街6號 龍鳳里 1-8,29"
1,1059.9208006896,3003.3815996331,"0100 龍岡社區活動中心幼兒園史努比班 國豐二街6號 龍鳳里 17-24"
1,1059.9208006896,3026.1815996303,"0101 龍安祠 國豐二街6號旁 龍鳳里 14-16,25,27,28"
1,1059.9208006896,3048.9815996275,"0102 桃園市衛生所（一樓入口） 國強八街2號 龍鳳里 9-13,26"
1,1059.9208006896,3071.7815996248,"0103 中埔國小創意優遊館（2） 永安路1054號 中埔里 1-4,12"
1,1059.9208006896,3094.581599622,"0104 中埔國小課後托育班（2） 永安路1054號 中埔里 5-11"
1,1059.9208006896,3117.3815996192,"0105 同德國小110教室 同德六街175號 中寧里 1,4-10"
1,1059.9208006896,3140.1815996164,"0106 慈文國中9年5班教室 中正路835號 中寧里 2,3,11-16"
1,1059.9208006896,3162.9815996136,"0107 永順國小一年五班 永順街100號 中寧里 17"
1,1059.9208006896,3185.7815996108,"0108 莊敬國小一年一班 莊一街107號 北埔里 1-8"
1,1059.9208006896,3208.581599608,"0109 莊敬國小一年三班 莊一街107號 北埔里 9-16"
1,1059.9208006896,3231.3815996053,"0110 成功國小一年一班 三民路三段22號 永安里 1-8,10"
1,1059.9208006896,3254.1815996025,"0111 成功國小一年四班 三民路三段22號 永安里 11,12,14,15,20-22"
1,1059.9208006896,3276.9815995997,"0112 長德長安永安里聯合集會所 中正五街315號 永安里 9,13,16-19,23-25"
1,1059.9208006896,3299.7815995969,"0113 慈文國小二年四班 新埔六街2號 同安里 1,3-5,19"
1,1059.9208006896,3322.5815995941,"0114 慈文國小一年一班 新埔六街2號 同安里 2,16,17,22,23"
1,1059.9208006896,3345.3815995913,"0115 慈文國小二年六班 新埔六街2號 同安里 6-8,18,21"
1,1059.9208006896,3368.1815995885,"0116 同安國小六年一班 同德十一街48號 同安里 9-15,20"
1,1059.9208006896,3390.9815995858,"0117 同德國小114教室 同德六街175號 同德里 1-6"
1,1059.9208006896,3413.781599583,"0118 同德國小112教室 同德六街175號 同德里 13-15"
1,1059.9208006896,3436.5815995802,"0119 同德國小115教室 同德六街175號 同德里 7-12"
1,1059.9208006896,3459.3815995774,"0120 經國國中（B104教室） 經國路276號 自強里 1,8,9,25,26"
1,1059.9208006896,3482.1815995746,"0121 巴黎伯爵一樓大廳 莊敬路一段181巷2號 自強里 10,11,14-16,23,24,29,30"
1,1059.9208006896,3504.9815995718,"0122 經國國中（B102教室） 經國路276號 自強里 2-6,12,27"
1,1059.9208006896,3527.781599569,"0123 莊敬社區活動中心 新埔七街169巷13號 自強里 7,13,17-22,28,31"
1,1059.9208006896,3550.5815995663,"0124 西埔里活動中心 富國路681巷22號 西埔里 1-5,10-12"
1,1059.9208006896,3573.3815995635,"0125 西埔社區活動中心"
1,1412.5128002527,3573.5585995635,永安路1360.1468巷叉口
1,1639.1208002932,3573.5585995635,"西埔里 6-9,13,14"
1,1059.9208006896,3596.3585995607,"0126 同德國小107教室 同德六街175號 明德里 1-6"
1,1059.9208006896,3619.1585995579,"0127 莊敬國小一年五班 莊一街107號 明德里 7-11"
1,1059.9208006896,3641.9585995551,"0128 大墓公 民生路571號 東埔里 1,2,4,9-12,24,26,28"
1,1059.9208006896,3664.7585995523,"0129 北門國小六年一班 正康三街139號 東埔里 3,5,17-19,21,22,29"
1,1059.9208006896,3687.5585995495,"0130 北門國小六年三班 正康三街139號 東埔里 6-8,13-16,20,23,25,27"
1,1059.9208006896,3710.3585995467,"0131 長德長安永安里聯合集會所 中正五街315號 長安里 1,2,4,5,9-15"
1,1059.9208006896,3733.158599544,"0132 黃松茂宅 民光路141號 長安里 3,6-8,16-20"
1,1059.9208006896,3755.9585995412,"0133 長德祠管委會 中正五街208號 長德里 1-9"
1,1059.9208006896,3778.7585995384,"0134 康阿民宅 中正三街386號 長德里 10-14,19,20"
1,1059.9208006896,3801.5585995356,"0135 紫京城育樂中心 中正五街290號 長德里 15-18,21,22"
1,1059.9208006896,3824.3585995328,"0136 文昌國中901教室 民生路729號 信光里 1-6,10,22,23"
1,1059.9208006896,3847.15859953,"0137 北門國小一年一班 正康三街139號 信光里 14-20"
1,1976.4570003536,2276.4376002219,"編號 投開票所名稱 投開票所地址 所屬村里 所屬鄰別"
1,1976.4570003536,2300.181599719,"0138 北門國小一年三班 正康三街139號 信光里 7-9,11-13"
1,1976.4570003536,2322.9815997162,"0139 北門國小五年四班 正康三街139號 信光里 21,24-28"
1,1976.4570003536,2345.7815997134,"0140 永順國小一年四班 永順街100號 南埔里 1-9,11"
1,1976.4570003536,2368.5815997107,"0141 永順國小一年一班 永順街100號 南埔里 10,12-16"
1,1976.4570003536,2391.3815997079,"0142 同安國小一年一班 同德十一街48號 莊敬里 1,4,6,7,20"
1,1976.4570003536,2414.1815997051,"0143 同安國小六年四班 同德十一街48號 莊敬里 11-14,16,22"
1,1976.4570003536,2436.9815997023,"0144 同安國小五年一班 同德十一街48號 莊敬里 2,3,9,10,21"
1,1976.4570003536,2459.7815996995,"0145 同安國小學習中心 同德十一街48號 莊敬里 5,8,15,17-19,23"
1,1976.4570003536,2482.5815996967,"0146 慈文國中8年1班 中正路835號 慈文里 1-5,20,22,23"
1,1976.4570003536,2505.3815996939,"0147 慈文國中8年3班 中正路835號 慈文里 15,21,25,27-30"
1,1976.4570003536,2528.1815996912,"0148 慈文國中7年20班 中正路835號 慈文里 6-14,16-19,24,26"
1,1976.4570003536,2550.9815996884,"0149 慈文國小二年一班 同安街98號對面（學校後門） 新埔里 1-3,29"
1,1976.4570003536,2573.7815996856,"0150 慈文國小一年五班 同安街98號對面（學校後門） 新埔里 30-34"
1,1976.4570003536,2596.5815996828,"0151 巴黎富邑一樓大廳 天祥五街5號 新埔里 5,6,25-28"
1,1976.4570003536,2619.38159968,"0152 新埔活動中心 南通路65號 新埔里 7-19"
1,1976.4570003536,2642.1815996772,"0153 新埔國小一年二班 經國路208巷36號 新埔里 4,20-24"
1,1976.4570003536,2664.9815996744,"0154 莊敬國小一年十班 莊一街107號 瑞慶里 1,11-14"
1,1976.4570003536,2687.7815996717,"0155 莊敬國小一年六班 莊一街107號 瑞慶里 2-6"
1,1976.4570003536,2710.5815996689,"0156 莊敬國小一年八班 莊一街107號 瑞慶里 7-10"
1,1976.4570003536,2733.3815996661,"0157 同德國中901教室 南平路487號 寶安里 1-4"
1,1976.4570003536,2756.1815996633,"0158 同德國中童軍團部 南平路487號 寶安里 10-14,24,25"
1,1976.4570003536,2778.9815996605,"0159 王公廟 永安北路381巷32號 寶安里 15-23"
1,1976.4570003536,2801.7815996577,"0160 同德國中911教室 南平路487號 寶安里 5-9"
1,1976.4570003536,2824.5815996549,"0161 同德國小117教室 同德六街175號 寶慶里 1,15-16"
1,1976.4570003536,2847.3815996522,"0162 同德國小118教室 同德六街175號 寶慶里 2-6,13"
1,1976.4570003536,2870.1815996494,"0163 同德國小120教室 同德六街175號 寶慶里 7-12,14"
1,1976.4570003536,2892.9815996466,"0164 桃園市立幼兒園忠義分班（米老鼠班） 三元街289號 三元里 1-8"
1,1976.4570003536,2915.7815996438,0165
1,2030.4258003632,2915.8709996438,桃園市立幼兒園忠義分班（小熊維尼班）
1,2329.1622004167,2915.8709996438,"三元街289號 三元里 9-17"
1,1976.4570003536,2938.670999641,"0166 青溪國中學習發展中心（編號02） 中山東路124號 三民里 1-9"
1,1976.4570003536,2961.4709996382,"0167 青溪國中生物實驗室（編號01） 中山東路124號 三民里 10-16"
1,1976.4570003536,2984.2709996354,"0168 青溪國中八年一班（編號60） 中山東路124號 三民里 17-24"
1,1976.4570003536,3007.0709996327,"0169 大有國小一年一班 大有路220號 大有里 1-4"
1,1976.4570003536,3029.8709996299,"0170 大有國小一年四班 大有路220號 大有里 5-8"
1,1976.4570003536,3052.6709996271,"0171 大有國小自然教室（一） 大有路220號 大有里 9-12"
1,1976.4570003536,3075.4709996243,"0172 大業國小六年三班 大業路一段135號 大興里 1,2,4,8,20,21"
1,1976.4570003536,3098.2709996215,"0173 大業國小六年一班 大業路一段135號 大興里 18,27"
1,1976.4570003536,3121.0709996187,"0174 大業國小六年十班 大業路一段135號 大興里 3,19,25,26,28"
1,1976.4570003536,3143.8709996159,"0175 會稽國中健體領域教室（專101） 大興路222號 大興里 5,6,11,22,29"
1,1976.4570003536,3166.6709996132,"0176 會稽國中禮儀教室（專103） 大興路222號 大興里 10,12,17,23,24"
1,1976.4570003536,3189.4709996104,"0177 會稽國中童軍教室（專107） 大興路222號 大興里 7,9,13-16"
1,1976.4570003536,3212.2709996076,"0178 青溪國小一年一班 自強路80號 成功里 1-12"
1,1976.4570003536,3235.0709996048,"0179 青溪國小一年三班 自強路80號 成功里 13-25"
1,1976.4570003536,3257.870999602,"0180 汴洲里老人活動中心 莊敬路1段71號 汴洲里 1-5,7,18-20,22"
1,1976.4570003536,3280.6709995992,"0181 汴洲社區活動中心籃球場 峨眉二街26號 汴洲里 6,9-10,12-17,23"
1,1976.4570003536,3303.4709995964,"0182 會稽國小二年三班 春日路1080號 汴洲里 8,11,21"
1,1976.4570003536,3326.2709995937,"0183 大業國小一年六班 大業路1段135號 忠義里 1-3,5-7"
1,1976.4570003536,3349.0709995909,"0184 大業國小一年二班 大業路1段135號 忠義里 21-24"
1,1976.4570003536,3371.8709995881,"0185 大業國小六年四班 大業路1段135號 忠義里 4,8,15-20"
1,1976.4570003536,3394.6709995853,"0186 大業國小一年四班 大業路1段135號 忠義里 9-14"
1,1976.4570003536,3417.4709995825,"0187 瑪利幼兒園 安東街80號 東山里 1-19"
1,1976.4570003536,3440.2709995797,"0188 東門國小二年三班 東國街14號 東門里 1-9"
1,1976.4570003536,3463.070999577,"0189 東門國小二年五班 東國街14號 東門里 10-18"
1,1976.4570003536,3485.8709995742,"0190 青溪里集會所 鎮撫街41號 青溪里 1-5,16-22"
1,1976.4570003536,3508.6709995714,"0191 青溪國小二年二班"
1,2329.1622004167,3508.7540005714,自強路80號
1,2555.7733999572,3508.7540005714,"青溪里 6-10,23-27"
1,1976.4570003536,3531.5540005686,"0192 青溪國小二年四班"
1,2329.1622004167,3531.5566000686,自強路80號
1,2555.7733999572,3531.5566000686,"青溪里 11-15,28-33"
1,1976.4570003536,3554.3566000658,"0193 會稽國小一年一班(316) 春日路1080號 春日里 1-7"
1,1976.4570003536,3577.156600063,"0194 會稽國小一年三班(314) 春日路1080號 春日里 8-16"
1,1976.4570003536,3599.9566000602,"0195 會稽國小一年五班(312) 春日路1080號 春日里 17-23"
1,1976.4570003536,3622.7566000574,"0196 朝陽里活動中心 朝陽街63號 朝陽里 1-15"
1,1976.4570003536,3645.5566000547,"0197 會稽國中C102(社會領域)教室 大興路222號 會稽里 1-6"
1,1976.4570003536,3668.3566000519,"0198 快樂國小119教室 大有路789號 會稽里 10,15,18-19,23-24"
1,1976.4570003536,3691.1566000491,"0199 會稽國中B104-908教室 大興路222號 會稽里 7,16-17,20-22"
1,1976.4570003536,3713.9566000463,"0200 快樂國小126教室 大有路789號 會稽里 8-9,11-14,25"
1,1976.4570003536,3736.7566000435,"0201 萬壽里活動中心 萬壽路3段181之6號 萬壽里 1-8"
1,1976.4570003536,3759.5566000407,"0202 福祿貝爾幼兒學校大業分校101教室 坤成街57號 寶山里 1-7"
1,1976.4570003536,3782.3566000379,"0203 大業幼稚園白兔班 民有十三街85號 寶山里 16-18"
1,1976.4570003536,3805.1566000352,"0204 大業幼稚園天鵝班 民有十三街85號 寶山里 20-24"
1,1976.4570003536,3827.9566000324,"0205 福祿貝爾幼兒學校大業分校114教室 坤成街57號 寶山里 8-15,19"
1,1310.3623997344,2242.0898007261,投(開)票所一覽表
1,137.69539952463,444.65039994568,號
1,137.69539952463,473.45039994216,次
1,190.97539953416,459.05039994392,"相 片 姓 名"
1,527.64739959439,444.65039994568,出　生
1,527.64739959439,473.45039994216,年月日
1,621.15139961112,444.65039994568,性
1,621.15139961112,473.45039994216,別
1,666.70339961927,430.25039994744,出
1,666.70339961927,459.05039994392,生
1,666.70339961927,487.8503999404,地
1,707.19139962651,430.25039994744,"推 薦"
1,721.97539962915,459.05039994392,之
1,707.19139962651,487.8503999404,"政 黨"
1,791.47939964159,459.05039994392,"學      歷 經　　    歷 政　       見"
1,125.43360002244,709.62100041331,1
1,465.04000058319,647.87699992086,何
1,465.04000058319,695.87699991499,明
1,465.04000058319,743.87699990913,來
1,556.80079959961,629.86139992306,42
1,556.80079959961,653.86139992012,年
1,561.50080060045,677.86139991719,2
1,556.80079959961,701.86139991426,月
1,556.80079959961,725.86139991133,18
1,556.80079959961,749.8613999084,日
1,623.16079961148,689.86139991573,男
1,668.72080061963,629.86139992306,臺
1,668.72080061963,653.86139992012,灣
1,668.72080061963,677.86139991719,省
1,668.72080061963,701.86139991426,桃
1,668.72080061963,725.86139991133,園
1,668.72080061963,749.8613999084,縣
1,724.00080012952,689.86139991573,無
1,772.14079963813,677.86139991719,國立桃園高級
1,772.14079963813,701.86139991426,中學畢業
1,942.22080016855,689.86139991573,自耕農
1,1169.0008007091,641.86139992159,一、關懷里內獨居老人及弱勢族群。
1,1169.0008007091,665.86139991866,二、協助里民艱難問題。
1,1169.0008007091,689.86139991573,三、辦裡里民免費健檢。
1,1169.0008007091,713.8613999128,四、推動志工團隊發揮公益服務。
1,1169.0008007091,737.86139990986,五、加強里民溝通管道。
1,125.43360002244,1069.3730008694,2
1,465.04000058319,1007.6297998769,賴
1,465.04000058319,1055.629799871,偏
1,465.04000058319,1103.6297998652,舟
1,556.80079959961,989.61419987911,42
1,556.80079959961,1013.6141998762,年
1,561.50080060045,1037.6141998732,1
1,556.80079959961,1061.6141998703,月
1,561.50080060045,1085.6141998674,2
1,556.80079959961,1109.6141998644,日
1,623.16079961148,1049.6141998718,男
1,668.72080061963,989.61419987911,臺
1,668.72080061963,1013.6141998762,灣
1,668.72080061963,1037.6141998732,省
1,668.72080061963,1061.6141998703,桃
1,668.72080061963,1085.6141998674,園
1,668.72080061963,1109.6141998644,縣
1,724.00080012952,1049.6141998718,無
1,772.14079963813,1037.6141998732,台北市立體育專
1,772.14079963813,1061.6141998703,科學校畢業
1,942.22080016855,1037.6141998732,國中體育老師
1,942.22080016855,1061.6141998703,現任北埔里里長
1,1169.0008007091,941.61419988497,"◎ 推動盡速完成電纜地下化。"
1,1169.0008007091,965.61419988204,"◎ 成立愛心專戶，協助急難。"
1,1169.0008007091,989.61419987911,"◎ 爭取設置里民活動中心。"
1,1169.0008007091,1013.6141998762,"◎ 增設免費法律諮詢服務。"
1,1169.0008007091,1037.6141998732,"◎ 持續推動家園環保工作。"
1,1169.0008007091,1061.6141998703,"◎ 積極爭取綠線捷運盡速動工。"
1,1169.0008007091,1085.6141998674,"◎ 舉辦文化休閒活動提升社區附加"
1,1199.0008007145,1109.6141998644,價值。
1,1169.0008007091,1133.6141998615,"◎  爭取增加大台北都會區之公共運"
1,1199.0008007145,1157.6141998586,輸班次。
1,143.38579952565,1277.8709998439,選舉投票有關規定
1,143.38579952565,1300.2656008412,一、投票時間：民國103年11月29日(星期六)上午八時起至下午四時止。
1,143.38579952565,1319.4656008388,二、選舉人資格：
1,141.06040052523,1338.6656008365,"（一）  中華民國國民年滿二十歲，即民國83年11月29日(包括當日)以前出生，除受監護宣告尚未撤銷者外，在各該選舉區內繼續居住四個月以上，即民國103年7月29日(包括當日)以前遷入設有戶"
1,193.02840003453,1357.8656008341,籍，至民國103年11月28日繼續居住者，有直轄市長、直轄市議員、原住民區長、原住民區民代表、里長選舉投票權。【上項居住期間，在行政區域劃分選舉區者，仍以行政區域為範圍
1,193.02840003453,1377.0656008318,計算之。但於選舉公告發布(103年8月21日含當日)後，遷入各該選舉區者，無選舉投票權。】
1,141.06040052523,1396.2656008294,"（二）  原住民選出之直轄市議員，其選舉人須符合前款規定，並分別具有「平地原住民」或「山地原住民」身分者為限。"
1,141.06040052523,1415.4656008271,三、選舉人投票應注意事項：
1,141.06040052523,1434.6656008247,"（一）  投開票地點(見投開票所一覽表)。"
1,141.06040052523,1453.8656008224,"（二）  投票時攜帶本人國民身分證、印章及投票通知單；未攜帶投票通知單者，務請記住投票通知單上之號碼，於領票時告知發票管理員。"
1,141.06040052523,1473.0656008201,"（三）  選舉人應於規定之投票時間內到場投票，逾時不許入場，但已於規定時間內到場，尚未投票者仍可投票。選舉人應一次進入投票所投票，離開投票所後，不得再次進入投票所投票。"
1,141.06040052523,1492.2656008177,"（四）  選舉人或其陪同家屬不得攜帶手機及其他攝影器材進入投票所，違反者依公職人員選舉罷免法第一百零六條第一項規定，處新臺幣三萬元以上三十萬元以下罰鍰。"
1,141.06040052523,1511.4656008154,"（五）  任何人不得於投票所以攝影器材刺探選舉人圈選選舉票內容。違反者依公職人員選舉罷免法第一百零六條第二項規定，處五年以下有期徒刑，併科新臺幣五十萬元以下罰金，查獲之攝影"
1,193.02840003453,1530.665600813,器材沒收之。
1,141.06040052523,1549.8656008107,"（六）  選舉人圈選後，不得將圈選內容出示他人，違者依公職人員選舉罷免法第一百零五條規定，處二年以下有期徒刑、拘役或科新臺幣二十萬元以下罰金。"
1,141.06040052523,1569.0656008083,"（七）  在投票所或開票所有下列情事之一者，經投票所主任管理員會同主任監察員令其退出，而不退出者，依公職人員選舉罷免法第一百零五條之規定，處二年以下有期徒刑、拘役或科新臺幣"
1,193.02840003453,1588.265600806,二十萬元以下罰金：
1,193.02840003453,1607.4656008036,1、在場喧嚷或干擾勸誘他人投票或不投票，不服制止。
1,193.02840003453,1626.6656008013,2、攜帶武器或危險物品入場。
1,193.02840003453,1645.8656007989,3、有其他不正當行為，不服制止。
1,141.06040052523,1665.0656007966,"（八）  選舉人領得選舉票後，應立即使用選舉機關製備之圈選工具，自行圈選，並將選舉票摺疊投入票匭，不得逗留；如將選舉票攜出投票所者，依公職人員選舉罷免法第一百零八條第一項規"
1,193.02840003453,1684.2656007943,定，處一年以下有期徒刑、拘役或科新臺幣ㄧ萬五千元以下罰金；如將選舉票以外之物投入票匭，或故意撕毀領得之選舉票者，依公職人員選舉罷免法第一百一十條第八項之規定，處新
1,193.02840003453,1703.4656007919,臺幣五千元以上五萬元以下罰鍰。
1,141.06040052523,1722.6656007896,"（九）  在投票所四周30公尺內，喧嚷或干擾勸誘他人投票或不投票，經警衛人員制止後仍繼續為之者，依公職人員選舉罷免法第108條第2項規定，處一年以下有期徒刑、拘役或科新臺幣一萬"
1,193.02840003453,1741.8656007872,五千元以下罰金。
1,141.06040052523,1761.0656007849,"（十）  選舉票圈選示範圖如下（依公職人員選舉罷免各種書件表冊格式七之（三）地方公職人員選舉選舉票式樣）："
1,477.3661995854,1800.2236002801,號
1,493.36620008826,1800.2236002801,
1,501.36619958969,1800.2236002801,
1,509.36620059112,1800.2236002801,次
1,676.56619962103,1800.2236002801,相
1,692.56620012389,1800.2236002801,
1,700.56619962532,1800.2236002801,
1,707.19139962651,1800.2236002801,片
1,867.76620015524,1800.2236002801,姓
1,883.7662006581,1800.2236002801,　
1,899.76619966096,1800.2236002801,　
1,915.76620016382,1800.2236002801,名
1,278.18220004976,1832.6555997761,圈
1,294.18220055263,1832.6555997761,選
1,310.18219955549,1832.6555997761,欄
1,477.3661995854,1832.6555997761,號
1,493.36620008826,1832.6555997761,次
1,509.36620059112,1832.6555997761,欄
1,676.56619962103,1832.6555997761,相
1,692.56620012389,1832.6555997761,片
1,707.19139962651,1832.6555997761,欄
1,851.78220015238,1832.6555997761,候
1,867.76620015524,1832.6555997761,選
1,883.7662006581,1832.6555997761,人
1,899.76619966096,1832.6555997761,姓
1,915.76620016382,1832.6555997761,名
1,931.78219966669,1832.6555997761,欄
1,141.06040052523,1854.6758007734,※請使用選舉委員會製備之圈選工具圈蓋選舉票，選舉票「蓋章」或「按指印」，無效。
1,141.06040052523,1873.8758007711,四、選舉票顏色：
1,141.06040052523,1893.0758007687,（一）直轄市長、縣（市）長選舉票為淺黃色。
1,141.06040052523,1912.2758007664,（二）區域議員選舉票為白色。　
1,141.06040052523,1931.4758007641,（三）山地原住民議員選舉票為淺綠色。
1,141.06040052523,1950.6758007617,（四）平地原住民議員選舉票為淺藍色。
1,141.06040052523,1969.8758007594,（五）原住民區長選舉票為金黃色。
1,141.06040052523,1989.075800757,（六）原住民區民代表選舉票為淺橘色。
1,141.06040052523,2008.2758007547,（七）里長選舉票為粉紅色。
1,141.06040052523,2027.4758007523,五、選舉票有下列情形之一者無效：
1,141.06040052523,2046.67580075,（一）圈選二人以上。
1,141.06040052523,2065.8758007476,（二）不用選舉委員會製發之選舉票。
1,141.06040052523,2085.0758007453,（三）所圈位置不能辨別為何人。
1,141.06040052523,2104.2758007429,（四）圈後加以塗改。
1,141.06040052523,2123.4758007406,（五）簽名、蓋章、按指印、加入任何文字或符號。
1,141.06040052523,2142.6758007383,（六）將選舉票撕破致不完整。
1,1525.0444007728,427.85980044773,（七）將選舉票污染致不能辨別所圈選為何人。
1,1525.0444007728,447.05980044539,（八）不加圈完全空白。
1,1525.0444007728,466.25980044304,（九）不用選舉委員會製備之圈選工具。
1,1525.0444007728,485.4598004407,六、妨害選舉之處罰：
1,1525.0444007728,504.65980043835,（一）妨害選舉罷免處罰（摘錄公職人員選舉罷免法第五章有關規定）。
1,1525.0444007728,523.85980043601,第九十三條　　　違反第五十五條第一款規定者，處七年以上有期徒刑；違反第二款規定者，處五年以上有期徒刑；違反第三款規定者，依各該有關處罰之法律處斷。
1,1525.0444007728,543.05980043366,第九十四條　　　利用競選或助選機會，公然聚眾，以暴動破壞社會秩序者，處七年以上有期徒刑；首謀者，處無期徒刑或十年以上有期徒刑。
1,1525.0444007728,562.25980043131,　　　　　前項之未遂犯罰之。
1,1525.0444007728,581.45980042897,第九十五條　　　意圖妨害選舉或罷免，對於公務員依法執行職務時，施強暴脅迫者，處五年以下有期徒刑。
1,1525.0444007728,600.65980042662,　　　　　犯前項之罪，因而致公務員於死者，處無期徒刑或七年以上有期徒刑；致重傷者，處三年以上十年以下有期徒刑。
1,1525.0444007728,619.85980042428,第九十六條　　　公然聚眾，犯前條之罪者，在場助勢之人，處三年以下有期徒刑、拘役或科新臺幣三十萬元以下罰金；首謀及下手實施強暴脅迫者，處三年以上十年以下有期徒刑。
1,1525.0444007728,639.05980042193,　　　　　犯前項之罪，因而致公務員於死者，首謀及下手實施強暴脅迫者，處無期徒刑或七年以上有期徒刑；致重傷者，處五年以上十二年以下有期徒刑。
1,1525.0444007728,658.25980041959,第九十七條　　　對於候選人或具有候選人資格者，行求期約或交付賄賂或其他不正利益，而約其放棄競選或為一定之競選活動者，處三年以上十年以下有期徒刑，併科新臺幣二百萬元以
1,1525.0444007728,677.45980041724,　　　　　　　　上二千萬元以下罰金。
1,1525.0444007728,696.6598004149,　　　　　　　　候選人或具有候選人資格者，要求期約或收受賄賂或其他不正利益，而許以放棄競選或為一定之競選活動者，亦同。
1,1525.0444007728,715.85980041255,　　　　　預備犯前二項之罪者，處一年以下有期徒刑。
1,1525.0444007728,735.05980041021,　　　　　預備或用以行求期約或交付之賄賂，不問屬於犯人與否，沒收之；犯第二項之罪者，所收受之賄賂沒收之；如全部或一部不能沒收時，追徵其價額。
1,1525.0444007728,754.25980040786,第九十八條　　　以強暴、脅迫或其他非法之方法為下列行為之一者，處五年以下有期徒刑：
1,1525.0444007728,773.45980040551,　　　　　一、妨害他人競選或使他人放棄競選。
1,1525.0444007728,792.65980040317,　　　　　二、妨害他人為罷免案之提議、連署或使他人為罷免案之提議、連署。
1,1525.0444007728,811.85980040082,　　　　　前項之未遂犯罰之。
1,1525.0444007728,831.05980039848,第九十九條　　　對於有投票權之人，行求期約或交付賄賂或其他不正利益，而約其不行使投票權或為一定之行使者，處三年以上十年以下有期徒刑，得併科新臺幣一百萬元以上一千萬元
1,1525.0444007728,850.25980039613,　　　　　　　　以下罰金。
1,1525.0444007728,869.45980039379,　　　　　預備犯前項之罪者，處一年以下有期徒刑。
1,1525.0444007728,888.65980039144,　　　　　預備或用以行求期約或交付之賄賂，不問屬於犯人與否，沒收之。
1,1525.0444007728,907.8598003891,　　　　　犯第一項或第二項之罪，於犯罪後六個月內自首者，減輕或免除其刑；因而查獲候選人為正犯或共犯者，免除其刑。
1,1525.0444007728,927.05980038675,　　　　　犯第一項或第二項之罪，在偵查中自白者，減輕其刑；因而查獲候選人為正犯或共犯者，減輕或免除其刑。
1,1525.0444007728,946.25980038441,第一百零二條　　有下列行為之一者，處一年以上七年以下有期徒刑，併科新臺幣一百萬元以上一千萬元以下罰金：
1,1525.0444007728,965.45980038206,　　　　　一、對於該選舉區內之團體或機構，假借捐助名義，行求期約或交付財物或其他不正利益，使其團體或機構之構成員，不行使投票權或為一定之行使。
1,1525.0444007728,984.65980037971,　　　　　二、以財物或其他不正利益，行求期約或交付罷免案提議人或連署人，使其不為提議或連署，或為一定之提議或連署。
1,1525.0444007728,1003.8598003774,　　　　　預備犯前項之罪者，處一年以下有期徒刑。
1,1525.0444007728,1023.059800375,　　　　　預備或用以行求期約或交付之賄賂，不問屬於犯人與否，沒收之。
1,1525.0444007728,1042.2598003727,第一百零三條　　意圖漁利，包攬第九十七條第一項、第二項、第九十九條第一項、第一百條第一項、第二項或第一百零二條第一項各款之事務者，處三年以上十年以下有期徒刑，得併科
1,1525.0444007728,1061.4598003703,　　　　　新臺幣一百萬元以上一千萬元以下罰金。
1,1525.0444007728,1080.659800368,　　　　　前項之未遂犯罰之。
1,1525.0444007728,1099.8598003656,第一百零四條　　意圖使候選人當選或不當選，以文字、圖畫、錄音、錄影、演講或他法，散布謠言或傳播不實之事，足以生損害於公眾或他人者，處五年以下有期徒刑。
1,1525.0444007728,1119.0598003633,第一百零五條　　違反第六十三條第二項或第八十八條第二項規定或有第六十五條第一項各款情事之一，經令其退出而不退出者，處二年以下有期徒刑、拘役或科新臺幣二十萬元以下罰金
1,1525.0444007728,1138.259800361,　　　　　　　　。
1,1525.0444007728,1157.4598003586,第一百零六條　　違反第六十五條第三項規定者，處新臺幣三萬元以上三十萬元以下罰鍰。
1,1525.0444007728,1176.6598003563,　　　　　違反第六十五條第四項規定者，處五年以下有期徒刑，併科新臺幣五十萬元以下罰金，查獲之攝影器材沒收之。
1,1525.0444007728,1195.8598003539,第一百零七條　　選舉、罷免之進行，有下列情事之一者，在場助勢之人，處一年以下有期徒刑、拘役或科新臺幣十萬元以下罰金；首謀及下手實施者，處五年以下有期徒刑：
1,1525.0444007728,1215.0598003516,　　　　　一、聚眾包圍候選人、被罷免人、罷免案提議人、連署人或其辦事人員之服務機關、辦事處或住、居所。
1,1525.0444007728,1234.2598003492,　　　　　二、聚眾以強暴、脅迫或其他非法之方法，妨害候選人從事競選活動、被罷免人執行職務或罷免案提議人、連署人或其辦事人員對罷免案之進行。
1,1525.0444007728,1253.4598003469,第一百零八條　　將領得之選舉票或罷免票攜出場外者，處一年以下有期徒刑、拘役或科新臺幣一萬五千元以下罰金。
1,1525.0444007728,1272.6598003445,　　　　　在投票所四周三十公尺內，喧嚷或干擾勸誘他人投票或不投票，經警衛人員制止後仍繼續為之者，處一年以下有期徒刑、拘役或科新臺幣一萬五千元以下罰金。
1,1525.0444007728,1291.8598003422,第一百零九條　　意圖妨害或擾亂投票、開票而抑留、毀壞、隱匿、調換或奪取投票匭、選舉票、罷免票、選舉人名冊、投票報告表、開票報告表、開票統計或圈選工具者，處五年以下有
1,1525.0444007728,1311.0598003398,　　　　　期徒刑。
1,1525.0444007728,1330.2598003375,第一百十條　　　違反第四十四條、第四十五條、第五十二條第一項、第二項、第八十六條第二項、第三項規定者，處新臺幣十萬元以上一百萬元以下罰鍰。
1,1525.0444007728,1349.4598003352,　　　　　廣播電視事業違反第四十九條第一項、第二項或第三項規定者，處新臺幣二十萬元以上二百萬元以下罰鍰。
1,1525.0444007728,1368.6598003328,　　　　　中央及地方政府各級機關首長或相關人員違反第五十條規定者，處三年以下有期徒刑；並得就該機關所支之費用，予以追償。
1,1525.0444007728,1387.8598003305,　　　　　報紙、雜誌未依第五十一條規定於廣告中載明刊登者之姓名，法人或團體之代表人姓名者，處報紙、雜誌事業新臺幣二十萬元以上二百萬元以下或該廣告費二倍之罰鍰。
1,1525.0444007728,1407.0598003281,　　　　　違反第五十三條或第五十六條規定者，處新臺幣五十萬元以上五百萬元以下罰鍰；違反第五十六條之規定，經制止不聽者，按次連續處罰。
1,1525.0444007728,1426.2598003258,　　　　　政黨、法人或非法人團體違反第五十二條第一項或第二項規定者，依第一項規定，併處罰其代表人及行為人；違反第五十三條或第五十六條規定者，依前項規定，併處罰
1,1525.0444007728,1445.4598003234,　　　　　其代表人及行為人。
1,1525.0444007728,1464.6598003211,　　　　　委託大眾傳播媒體，刊播競選廣告或委託夾報散發宣傳品，違反第五十六條第二款規定者，依第六項規定，處罰委託人及受託人。
1,1525.0444007728,1483.8598003187,　　　　　將選舉票或罷免票以外之物投入票匭，或故意撕毀領得之選舉票或罷免票者，處新臺幣五千元以上五萬元以下罰鍰。
1,1525.0444007728,1503.0598003164,第一百十一條　　犯第九十七條第二項之罪或刑法第一百四十三條第一項之罪，於犯罪後三個月內自首者，免除其刑；逾三個月者，減輕或免除其刑；在偵查或審判中自白者，減輕其刑。
1,1525.0444007728,1522.259800314,　　　　　意圖他人受刑事處分，虛構事實，而為前項之自首者，依刑法誣告罪之規定處斷。
1,1525.0444007728,1541.4598003117,第一百十二條　　政黨推薦之候選人犯第九十四條至第九十六條、第九十七條第一項、第二項、第九十八條第一項第一款或其未遂犯、第九十九條、第一百零二條第一項第一款或其預備
1,1525.0444007728,1560.6598003094,　　　　　犯、第一百零九條、刑法第一百四十二條或第一百四十五條至第一百四十七條之罪，經判刑確定者，按其確定人數，各處推薦之政黨新臺幣五十萬元以上五百萬元以下罰
1,1525.0444007728,1579.859800307,　　　　　　　　鍰。
1,1525.0444007728,1599.0598003047,　　　　　政黨推薦之候選人，對於其他候選人犯刑法第二百七十一條、第二百七十七條、第二百七十八條、第三百零二條、第三百零四條、第三百零五條、第三百四十六條至第
1,1525.0444007728,1618.2598003023,　　　　　三百四十八條或其特別法之罪，經判刑確定者，依前項規定處罰。
1,1525.0444007728,1637.4598003,第一百十三條　　犯本章之罪，其他法律有較重處罰之規定者，從其規定。
1,1525.0444007728,1656.6598002976,　　　　　辦理選舉、罷免事務人員，假借職務上之權力、機會或方法，以故意犯本章之罪者，加重其刑至二分之一。
1,1525.0444007728,1675.8598002953,　　　　　犯本章之罪或刑法分則第六章之妨害投票罪，宣告有期徒刑以上之刑者，並宣告褫奪公權。
1,1525.0444007728,1695.0598002929,第一百十四條　　已登記為候選人之現任公務人員，有下列情形之一者，經選舉委員會查明屬實後，通知各該人員之主管機關先行停止其職務，並依法處理：
1,1525.0444007728,1714.2598002906,　　　　　一、無正當理由拒絕選舉委員會請協辦事項或請派人員。
1,1525.0444007728,1733.4598002882,　　　　　二、干涉選舉委員會人事或業務。
1,1525.0444007728,1752.6598002859,　　　　　三、藉名動用或挪用公款作競選之費用。
1,1525.0444007728,1771.8598002835,　　　　　四、要求有部屬或有指揮、監督關係之團體暨各該團體負責人作競選之支持。
1,1525.0444007728,1791.0598002812,　　　　　五、利用職權無故調動人員，對競選預作人事之安排。
1,1525.0444007728,1810.2598002789,第一百十五條　　中央公職人員選舉，由最高法院檢察署檢察總長督率各級檢察官；地方公職人員選舉，由該管法院檢察署檢察長督率所屬檢察官，分區查察，自動檢舉有關妨害選舉、罷
1,1525.0444007728,1829.4598002765,　　　　　免之刑事案件，並接受機關、團體或人民是類案件之告發、告訴、自首，即時開始偵查，為必要之處理。
1,1525.0444007728,1848.6598002742,　　　　　前項案件之偵查，檢察官得依刑事訴訟法及調度司法警察條例等規定，指揮司法警察人員為之。
1,1525.0444007728,1867.8598002718,第一百十六條　　犯本章之罪或刑法第六章妨害投票罪之案件，各審受理法院應於六個月內審結。
1,1525.0444007728,1887.0598002695,第一百十七條　　當選人犯第九十七條第一項至第三項、第九十九條第一項、第二項、第一百條第一項至第三項、第一百零二條第一項第一款或其預備犯或第一百零三條之罪，經法院判處
1,1525.0444007728,1906.2598002671,　　　　　有期徒刑以上之刑而未受緩刑之宣告者，自判決之日起，當然停止其職務或職權。
1,1525.0444007728,1925.4598002648,　　　　　依前項停止職務或職權之人員，經改判無罪時，於其任期屆滿前復職。
1,1502.3724002688,1944.6598002624,　（二）妨害投票罪（刑法分則第六章）：
1,1525.0444007728,1963.8598002601,第一百四十二條　以強暴脅迫或其他非法之方法，妨害他人自由行使法定之政治上選舉或其他投票權者，處五年以下有期徒刑。
1,1525.0444007728,1983.0598002577,　　　　　前項之未遂犯罰之。
1,1525.0444007728,2002.2598002554,第一百四十三條　有投票權之人，要求、期約或收受賄賂或其他不正利益，而許以不行使其投票權或為一定之行使者，處三年以下有期徒刑，得併科五千元以下罰金。
1,1525.0444007728,2021.4598002531,　　　　　犯前項之罪者，所收受之賄賂沒收之。如全部或一部不能沒收時，追徵其價額。
1,1525.0444007728,2040.6598002507,第一百四十五條　以生計上之利害，誘惑投票人不行使其投票權或為一定之行使者，處三年以下有期徒刑。
1,1525.0444007728,2059.8598002484,第一百四十六條　以詐術或其他非法之方法，使投票發生不正確之結果或變造投票之結果者，處五年以下有期徒刑。
1,1525.0444007728,2079.059800246,　　　　　意圖使特定候選人當選，以虛偽遷徙戶籍取得投票權而為投票者，亦同。
1,1525.0444007728,2098.2598002437,　　　　　前二項之未遂犯罰之。
1,1525.0444007728,2117.4598002413,第一百四十七條　妨害或擾亂投票者，處二年以下有期徒刑、拘役或五百元以下罰金。
1,1525.0444007728,2136.659800239,第一百四十八條　於無記名之投票，刺探票載之內容者，處三百元以下罰金。
